,in:MaasterrasA_Variant 2,in:MaasterrasA_Variant 3,in:MaasterrasA_Variant 4,in:MaasterrasA_Variant 5,in:MaasterrasB_Variant 2,in:MaasterrasB_Variant 3,in:MaasterrasB_Variant 4,in:MaasterrasB_Variant 5,in:MaasterrasC_Variant 2,in:MaasterrasC_Variant 3,in:MaasterrasC_Variant 4,in:MaasterrasC_Variant 5,in:Screen_yes,out:AverageSkyView,out:MABVO,out:MBBVO,out:MCBVO,out:SHPercentage2Hrs,out:SIPercentage2Hrs,out:maxGeluidswaardeGeveldB
0,0,0,0,0,0,0,0,0,0,0,0,0,0,44,38853,21488,90688,18,34,60
1,0,0,0,0,0,0,0,0,0,0,0,0,1,44,38853,21488,90688,18,34,60
2,0,0,0,0,0,0,0,0,1,0,0,0,0,45,38853,21488,61128,17,32,60
3,0,0,0,0,0,0,0,0,1,0,0,0,1,45,38853,21488,61128,17,32,60
4,0,0,0,0,0,0,0,0,0,1,0,0,0,46,38853,21488,45313,14,28,60
5,0,0,0,0,0,0,0,0,0,1,0,0,1,46,38853,21488,45313,14,28,60
6,0,0,0,0,0,0,0,0,0,0,1,0,0,46,38853,21488,58448,14,33,62
7,0,0,0,0,0,0,0,0,0,0,1,0,1,46,38853,21488,58448,14,33,62
8,0,0,0,0,0,0,0,0,0,0,0,1,0,44,38853,21488,203107,18,36,62
9,0,0,0,0,0,0,0,0,0,0,0,1,1,44,38853,21488,203107,18,36,62
10,0,0,0,0,1,0,0,0,0,0,0,0,0,45,38853,23967,90688,18,34,60
11,0,0,0,0,1,0,0,0,0,0,0,0,1,45,38853,23967,90688,18,34,60
12,0,0,0,0,1,0,0,0,1,0,0,0,0,45,38853,23967,61128,17,32,60
13,0,0,0,0,1,0,0,0,1,0,0,0,1,45,38853,23967,61128,17,32,60
14,0,0,0,0,1,0,0,0,0,1,0,0,0,46,38853,23967,45313,14,28,60
15,0,0,0,0,1,0,0,0,0,1,0,0,1,46,38853,23967,45313,14,28,60
16,0,0,0,0,1,0,0,0,0,0,1,0,0,46,38853,23967,58448,14,33,62
17,0,0,0,0,1,0,0,0,0,0,1,0,1,46,38853,23967,58448,14,33,62
18,0,0,0,0,1,0,0,0,0,0,0,1,0,45,38853,23967,203107,18,36,62
19,0,0,0,0,1,0,0,0,0,0,0,1,1,45,38853,23967,203107,18,36,62
20,0,0,0,0,0,1,0,0,0,0,0,0,0,45,38853,23967,90688,18,33,60
21,0,0,0,0,0,1,0,0,0,0,0,0,1,45,38853,23967,90688,18,33,60
22,0,0,0,0,0,1,0,0,1,0,0,0,0,45,38853,23967,61128,17,32,60
23,0,0,0,0,0,1,0,0,1,0,0,0,1,45,38853,23967,61128,17,32,60
24,0,0,0,0,0,1,0,0,0,1,0,0,0,46,38853,23967,45313,14,28,60
25,0,0,0,0,0,1,0,0,0,1,0,0,1,46,38853,23967,45313,14,28,60
26,0,0,0,0,0,1,0,0,0,0,1,0,0,46,38853,23967,58448,14,32,62
27,0,0,0,0,0,1,0,0,0,0,1,0,1,46,38853,23967,58448,14,32,62
28,0,0,0,0,0,1,0,0,0,0,0,1,0,45,38853,23967,203107,18,36,62
29,0,0,0,0,0,1,0,0,0,0,0,1,1,45,38853,23967,203107,18,36,62
30,0,0,0,0,0,0,1,0,0,0,0,0,0,45,38853,22905,90688,18,33,60
31,0,0,0,0,0,0,1,0,0,0,0,0,1,45,38853,22905,90688,18,33,60
32,0,0,0,0,0,0,1,0,1,0,0,0,0,45,38853,22905,61128,17,31,60
33,0,0,0,0,0,0,1,0,1,0,0,0,1,45,38853,22905,61128,17,31,60
34,0,0,0,0,0,0,1,0,0,1,0,0,0,46,38853,22905,45313,14,28,60
35,0,0,0,0,0,0,1,0,0,1,0,0,1,46,38853,22905,45313,14,28,60
36,0,0,0,0,0,0,1,0,0,0,1,0,0,47,38853,22905,58448,14,32,62
37,0,0,0,0,0,0,1,0,0,0,1,0,1,47,38853,22905,58448,14,32,62
38,0,0,0,0,0,0,1,0,0,0,0,1,0,45,38853,22905,203107,18,35,62
39,0,0,0,0,0,0,1,0,0,0,0,1,1,45,38853,22905,203107,18,35,62
40,0,0,0,0,0,0,0,1,0,0,0,0,0,45,38853,28540,90688,18,33,60
41,0,0,0,0,0,0,0,1,0,0,0,0,1,45,38853,28540,90688,18,33,60
42,0,0,0,0,0,0,0,1,1,0,0,0,0,46,38853,28540,61128,17,31,60
43,0,0,0,0,0,0,0,1,1,0,0,0,1,46,38853,28540,61128,17,31,60
44,0,0,0,0,0,0,0,1,0,1,0,0,0,47,38853,28540,45313,14,27,60
45,0,0,0,0,0,0,0,1,0,1,0,0,1,47,38853,28540,45313,14,27,60
46,0,0,0,0,0,0,0,1,0,0,1,0,0,47,38853,28540,58448,14,32,62
47,0,0,0,0,0,0,0,1,0,0,1,0,1,47,38853,28540,58448,14,32,62
48,0,0,0,0,0,0,0,1,0,0,0,1,0,45,38853,28540,203107,18,35,62
49,0,0,0,0,0,0,0,1,0,0,0,1,1,45,38853,28540,203107,18,35,62
50,1,0,0,0,0,0,0,0,0,0,0,0,0,44,36221,21488,90688,18,34,60
51,1,0,0,0,0,0,0,0,0,0,0,0,1,44,36221,21488,90688,18,34,60
52,1,0,0,0,0,0,0,0,1,0,0,0,0,45,36221,21488,61128,16,32,60
53,1,0,0,0,0,0,0,0,1,0,0,0,1,45,36221,21488,61128,16,32,60
54,1,0,0,0,0,0,0,0,0,1,0,0,0,46,36221,21488,45313,13,28,60
55,1,0,0,0,0,0,0,0,0,1,0,0,1,46,36221,21488,45313,13,28,60
56,1,0,0,0,0,0,0,0,0,0,1,0,0,46,36221,21488,58448,14,32,62
57,1,0,0,0,0,0,0,0,0,0,1,0,1,46,36221,21488,58448,14,32,62
58,1,0,0,0,0,0,0,0,0,0,0,1,0,45,36221,21488,203107,17,36,62
59,1,0,0,0,0,0,0,0,0,0,0,1,1,45,36221,21488,203107,17,36,62
60,1,0,0,0,1,0,0,0,0,0,0,0,0,45,36221,23967,90688,17,34,60
61,1,0,0,0,1,0,0,0,0,0,0,0,1,45,36221,23967,90688,17,34,60
62,1,0,0,0,1,0,0,0,1,0,0,0,0,45,36221,23967,61128,16,32,60
63,1,0,0,0,1,0,0,0,1,0,0,0,1,45,36221,23967,61128,16,32,60
64,1,0,0,0,1,0,0,0,0,1,0,0,0,46,36221,23967,45313,13,28,60
65,1,0,0,0,1,0,0,0,0,1,0,0,1,46,36221,23967,45313,13,28,60
66,1,0,0,0,1,0,0,0,0,0,1,0,0,46,36221,23967,58448,13,32,62
67,1,0,0,0,1,0,0,0,0,0,1,0,1,46,36221,23967,58448,13,32,62
68,1,0,0,0,1,0,0,0,0,0,0,1,0,45,36221,23967,203107,17,36,62
69,1,0,0,0,1,0,0,0,0,0,0,1,1,45,36221,23967,203107,17,36,62
70,1,0,0,0,0,1,0,0,0,0,0,0,0,45,36221,23967,90688,18,33,60
71,1,0,0,0,0,1,0,0,0,0,0,0,1,45,36221,23967,90688,18,33,60
72,1,0,0,0,0,1,0,0,1,0,0,0,0,45,36221,23967,61128,17,32,60
73,1,0,0,0,0,1,0,0,1,0,0,0,1,45,36221,23967,61128,17,32,60
74,1,0,0,0,0,1,0,0,0,1,0,0,0,46,36221,23967,45313,14,28,60
75,1,0,0,0,0,1,0,0,0,1,0,0,1,46,36221,23967,45313,14,28,60
76,1,0,0,0,0,1,0,0,0,0,1,0,0,47,36221,23967,58448,14,32,62
77,1,0,0,0,0,1,0,0,0,0,1,0,1,47,36221,23967,58448,14,32,62
78,1,0,0,0,0,1,0,0,0,0,0,1,0,45,36221,23967,203107,18,35,62
79,1,0,0,0,0,1,0,0,0,0,0,1,1,45,36221,23967,203107,18,35,62
80,1,0,0,0,0,0,1,0,0,0,0,0,0,45,36221,22905,90688,18,32,60
81,1,0,0,0,0,0,1,0,0,0,0,0,1,45,36221,22905,90688,18,32,60
82,1,0,0,0,0,0,1,0,1,0,0,0,0,45,36221,22905,61128,16,31,60
83,1,0,0,0,0,0,1,0,1,0,0,0,1,45,36221,22905,61128,16,31,60
84,1,0,0,0,0,0,1,0,0,1,0,0,0,47,36221,22905,45313,13,27,60
85,1,0,0,0,0,0,1,0,0,1,0,0,1,47,36221,22905,45313,13,27,60
86,1,0,0,0,0,0,1,0,0,0,1,0,0,47,36221,22905,58448,13,31,62
87,1,0,0,0,0,0,1,0,0,0,1,0,1,47,36221,22905,58448,13,31,62
88,1,0,0,0,0,0,1,0,0,0,0,1,0,45,36221,22905,203107,17,35,62
89,1,0,0,0,0,0,1,0,0,0,0,1,1,45,36221,22905,203107,17,35,62
90,1,0,0,0,0,0,0,1,0,0,0,0,0,45,36221,28540,90688,17,32,60
91,1,0,0,0,0,0,0,1,0,0,0,0,1,45,36221,28540,90688,17,32,60
92,1,0,0,0,0,0,0,1,1,0,0,0,0,46,36221,28540,61128,16,31,60
93,1,0,0,0,0,0,0,1,1,0,0,0,1,46,36221,28540,61128,16,31,60
94,1,0,0,0,0,0,0,1,0,1,0,0,0,47,36221,28540,45313,13,27,60
95,1,0,0,0,0,0,0,1,0,1,0,0,1,47,36221,28540,45313,13,27,60
96,1,0,0,0,0,0,0,1,0,0,1,0,0,47,36221,28540,58448,13,31,62
97,1,0,0,0,0,0,0,1,0,0,1,0,1,47,36221,28540,58448,13,31,62
98,1,0,0,0,0,0,0,1,0,0,0,1,0,45,36221,28540,203107,17,35,62
99,1,0,0,0,0,0,0,1,0,0,0,1,1,45,36221,28540,203107,17,35,62
100,0,1,0,0,0,0,0,0,0,0,0,0,0,44,56654,21488,90688,19,35,60
101,0,1,0,0,0,0,0,0,0,0,0,0,1,44,56654,21488,90688,19,35,60
102,0,1,0,0,0,0,0,0,1,0,0,0,0,44,56654,21488,61128,18,34,60
103,0,1,0,0,0,0,0,0,1,0,0,0,1,44,56654,21488,61128,18,34,60
104,0,1,0,0,0,0,0,0,0,1,0,0,0,45,56654,21488,45313,15,30,60
105,0,1,0,0,0,0,0,0,0,1,0,0,1,45,56654,21488,45313,15,30,60
106,0,1,0,0,0,0,0,0,0,0,1,0,0,46,56654,21488,58448,15,34,62
107,0,1,0,0,0,0,0,0,0,0,1,0,1,46,56654,21488,58448,15,34,62
108,0,1,0,0,0,0,0,0,0,0,0,1,0,44,56654,21488,203107,19,38,62
109,0,1,0,0,0,0,0,0,0,0,0,1,1,44,56654,21488,203107,19,38,62
110,0,1,0,0,1,0,0,0,0,0,0,0,0,44,56654,23967,90688,19,35,60
111,0,1,0,0,1,0,0,0,0,0,0,0,1,44,56654,23967,90688,19,35,60
112,0,1,0,0,1,0,0,0,1,0,0,0,0,45,56654,23967,61128,18,33,60
113,0,1,0,0,1,0,0,0,1,0,0,0,1,45,56654,23967,61128,18,33,60
114,0,1,0,0,1,0,0,0,0,1,0,0,0,46,56654,23967,45313,15,30,60
115,0,1,0,0,1,0,0,0,0,1,0,0,1,46,56654,23967,45313,15,30,60
116,0,1,0,0,1,0,0,0,0,0,1,0,0,46,56654,23967,58448,15,34,62
117,0,1,0,0,1,0,0,0,0,0,1,0,1,46,56654,23967,58448,15,34,62
118,0,1,0,0,1,0,0,0,0,0,0,1,0,44,56654,23967,203107,19,38,62
119,0,1,0,0,1,0,0,0,0,0,0,1,1,44,56654,23967,203107,19,38,62
120,0,1,0,0,0,1,0,0,0,0,0,0,0,45,56654,23967,90688,19,35,60
121,0,1,0,0,0,1,0,0,0,0,0,0,1,45,56654,23967,90688,19,35,60
122,0,1,0,0,0,1,0,0,1,0,0,0,0,45,56654,23967,61128,18,33,60
123,0,1,0,0,0,1,0,0,1,0,0,0,1,45,56654,23967,61128,18,33,60
124,0,1,0,0,0,1,0,0,0,1,0,0,0,46,56654,23967,45313,15,30,60
125,0,1,0,0,0,1,0,0,0,1,0,0,1,46,56654,23967,45313,15,30,60
126,0,1,0,0,0,1,0,0,0,0,1,0,0,46,56654,23967,58448,15,34,62
127,0,1,0,0,0,1,0,0,0,0,1,0,1,46,56654,23967,58448,15,34,62
128,0,1,0,0,0,1,0,0,0,0,0,1,0,45,56654,23967,203107,19,38,62
129,0,1,0,0,0,1,0,0,0,0,0,1,1,45,56654,23967,203107,19,38,62
130,0,1,0,0,0,0,1,0,0,0,0,0,0,45,56654,22905,90688,19,34,60
131,0,1,0,0,0,0,1,0,0,0,0,0,1,45,56654,22905,90688,19,34,60
132,0,1,0,0,0,0,1,0,1,0,0,0,0,45,56654,22905,61128,17,33,60
133,0,1,0,0,0,0,1,0,1,0,0,0,1,45,56654,22905,61128,17,33,60
134,0,1,0,0,0,0,1,0,0,1,0,0,0,46,56654,22905,45313,14,29,60
135,0,1,0,0,0,0,1,0,0,1,0,0,1,46,56654,22905,45313,14,29,60
136,0,1,0,0,0,0,1,0,0,0,1,0,0,46,56654,22905,58448,14,33,62
137,0,1,0,0,0,0,1,0,0,0,1,0,1,46,56654,22905,58448,14,33,62
138,0,1,0,0,0,0,1,0,0,0,0,1,0,45,56654,22905,203107,19,37,62
139,0,1,0,0,0,0,1,0,0,0,0,1,1,45,56654,22905,203107,19,37,62
140,0,1,0,0,0,0,0,1,0,0,0,0,0,45,56654,28540,90688,19,34,60
141,0,1,0,0,0,0,0,1,0,0,0,0,1,45,56654,28540,90688,19,34,60
142,0,1,0,0,0,0,0,1,1,0,0,0,0,45,56654,28540,61128,18,32,60
143,0,1,0,0,0,0,0,1,1,0,0,0,1,45,56654,28540,61128,18,32,60
144,0,1,0,0,0,0,0,1,0,1,0,0,0,47,56654,28540,45313,15,29,60
145,0,1,0,0,0,0,0,1,0,1,0,0,1,47,56654,28540,45313,15,29,60
146,0,1,0,0,0,0,0,1,0,0,1,0,0,47,56654,28540,58448,15,33,62
147,0,1,0,0,0,0,0,1,0,0,1,0,1,47,56654,28540,58448,15,33,62
148,0,1,0,0,0,0,0,1,0,0,0,1,0,45,56654,28540,203107,19,37,62
149,0,1,0,0,0,0,0,1,0,0,0,1,1,45,56654,28540,203107,19,37,62
150,0,0,1,0,0,0,0,0,0,0,0,0,0,44,48857,21488,90688,19,34,60
151,0,0,1,0,0,0,0,0,0,0,0,0,1,44,48857,21488,90688,19,34,60
152,0,0,1,0,0,0,0,0,1,0,0,0,0,45,48857,21488,61128,18,33,60
153,0,0,1,0,0,0,0,0,1,0,0,0,1,45,48857,21488,61128,18,33,60
154,0,0,1,0,0,0,0,0,0,1,0,0,0,46,48857,21488,45313,15,29,60
155,0,0,1,0,0,0,0,0,0,1,0,0,1,46,48857,21488,45313,15,29,60
156,0,0,1,0,0,0,0,0,0,0,1,0,0,46,48857,21488,58448,15,34,62
157,0,0,1,0,0,0,0,0,0,0,1,0,1,46,48857,21488,58448,15,34,62
158,0,0,1,0,0,0,0,0,0,0,0,1,0,45,48857,21488,203107,19,37,62
159,0,0,1,0,0,0,0,0,0,0,0,1,1,45,48857,21488,203107,19,37,62
160,0,0,1,0,1,0,0,0,0,0,0,0,0,45,48857,23967,90688,19,34,60
161,0,0,1,0,1,0,0,0,0,0,0,0,1,45,48857,23967,90688,19,34,60
162,0,0,1,0,1,0,0,0,1,0,0,0,0,45,48857,23967,61128,18,33,60
163,0,0,1,0,1,0,0,0,1,0,0,0,1,45,48857,23967,61128,18,33,60
164,0,0,1,0,1,0,0,0,0,1,0,0,0,46,48857,23967,45313,15,29,60
165,0,0,1,0,1,0,0,0,0,1,0,0,1,46,48857,23967,45313,15,29,60
166,0,0,1,0,1,0,0,0,0,0,1,0,0,46,48857,23967,58448,15,34,62
167,0,0,1,0,1,0,0,0,0,0,1,0,1,46,48857,23967,58448,15,34,62
168,0,0,1,0,1,0,0,0,0,0,0,1,0,45,48857,23967,203107,19,37,62
169,0,0,1,0,1,0,0,0,0,0,0,1,1,45,48857,23967,203107,19,37,62
170,0,0,1,0,0,1,0,0,0,0,0,0,0,45,48857,23967,90688,19,34,60
171,0,0,1,0,0,1,0,0,0,0,0,0,1,45,48857,23967,90688,19,34,60
172,0,0,1,0,0,1,0,0,1,0,0,0,0,45,48857,23967,61128,18,33,60
173,0,0,1,0,0,1,0,0,1,0,0,0,1,45,48857,23967,61128,18,33,60
174,0,0,1,0,0,1,0,0,0,1,0,0,0,46,48857,23967,45313,15,29,60
175,0,0,1,0,0,1,0,0,0,1,0,0,1,46,48857,23967,45313,15,29,60
176,0,0,1,0,0,1,0,0,0,0,1,0,0,47,48857,23967,58448,15,33,62
177,0,0,1,0,0,1,0,0,0,0,1,0,1,47,48857,23967,58448,15,33,62
178,0,0,1,0,0,1,0,0,0,0,0,1,0,45,48857,23967,203107,19,37,62
179,0,0,1,0,0,1,0,0,0,0,0,1,1,45,48857,23967,203107,19,37,62
180,0,0,1,0,0,0,1,0,0,0,0,0,0,45,48857,22905,90688,19,33,60
181,0,0,1,0,0,0,1,0,0,0,0,0,1,45,48857,22905,90688,19,33,60
182,0,0,1,0,0,0,1,0,1,0,0,0,0,45,48857,22905,61128,18,32,60
183,0,0,1,0,0,0,1,0,1,0,0,0,1,45,48857,22905,61128,18,32,60
184,0,0,1,0,0,0,1,0,0,1,0,0,0,47,48857,22905,45313,15,28,60
185,0,0,1,0,0,0,1,0,0,1,0,0,1,47,48857,22905,45313,15,28,60
186,0,0,1,0,0,0,1,0,0,0,1,0,0,47,48857,22905,58448,15,33,62
187,0,0,1,0,0,0,1,0,0,0,1,0,1,47,48857,22905,58448,15,33,62
188,0,0,1,0,0,0,1,0,0,0,0,1,0,45,48857,22905,203107,19,36,62
189,0,0,1,0,0,0,1,0,0,0,0,1,1,45,48857,22905,203107,19,36,62
190,0,0,1,0,0,0,0,1,0,0,0,0,0,45,48857,28540,90688,19,33,60
191,0,0,1,0,0,0,0,1,0,0,0,0,1,45,48857,28540,90688,19,33,60
192,0,0,1,0,0,0,0,1,1,0,0,0,0,46,48857,28540,61128,18,32,60
193,0,0,1,0,0,0,0,1,1,0,0,0,1,46,48857,28540,61128,18,32,60
194,0,0,1,0,0,0,0,1,0,1,0,0,0,47,48857,28540,45313,15,28,60
195,0,0,1,0,0,0,0,1,0,1,0,0,1,47,48857,28540,45313,15,28,60
196,0,0,1,0,0,0,0,1,0,0,1,0,0,47,48857,28540,58448,15,33,62
197,0,0,1,0,0,0,0,1,0,0,1,0,1,47,48857,28540,58448,15,33,62
198,0,0,1,0,0,0,0,1,0,0,0,1,0,45,48857,28540,203107,19,36,62
199,0,0,1,0,0,0,0,1,0,0,0,1,1,45,48857,28540,203107,19,36,62
200,0,0,0,1,0,0,0,0,0,0,0,0,0,45,50268,21488,90688,16,35,60
201,0,0,0,1,0,0,0,0,0,0,0,0,1,45,50268,21488,90688,16,35,60
202,0,0,0,1,0,0,0,0,1,0,0,0,0,45,50268,21488,61128,15,33,60
203,0,0,0,1,0,0,0,0,1,0,0,0,1,45,50268,21488,61128,15,33,60
204,0,0,0,1,0,0,0,0,0,1,0,0,0,46,50268,21488,45313,12,29,60
205,0,0,0,1,0,0,0,0,0,1,0,0,1,46,50268,21488,45313,12,29,60
206,0,0,0,1,0,0,0,0,0,0,1,0,0,47,50268,21488,58448,12,34,62
207,0,0,0,1,0,0,0,0,0,0,1,0,1,47,50268,21488,58448,12,34,62
208,0,0,0,1,0,0,0,0,0,0,0,1,0,45,50268,21488,203107,16,37,62
209,0,0,0,1,0,0,0,0,0,0,0,1,1,45,50268,21488,203107,16,37,62
210,0,0,0,1,1,0,0,0,0,0,0,0,0,45,50268,23967,90688,16,35,60
211,0,0,0,1,1,0,0,0,0,0,0,0,1,45,50268,23967,90688,16,35,60
212,0,0,0,1,1,0,0,0,1,0,0,0,0,45,50268,23967,61128,15,33,60
213,0,0,0,1,1,0,0,0,1,0,0,0,1,45,50268,23967,61128,15,33,60
214,0,0,0,1,1,0,0,0,0,1,0,0,0,46,50268,23967,45313,12,29,60
215,0,0,0,1,1,0,0,0,0,1,0,0,1,46,50268,23967,45313,12,29,60
216,0,0,0,1,1,0,0,0,0,0,1,0,0,47,50268,23967,58448,12,34,62
217,0,0,0,1,1,0,0,0,0,0,1,0,1,47,50268,23967,58448,12,34,62
218,0,0,0,1,1,0,0,0,0,0,0,1,0,45,50268,23967,203107,16,37,62
219,0,0,0,1,1,0,0,0,0,0,0,1,1,45,50268,23967,203107,16,37,62
220,0,0,0,1,0,1,0,0,0,0,0,0,0,45,50268,23967,90688,17,34,60
221,0,0,0,1,0,1,0,0,0,0,0,0,1,45,50268,23967,90688,17,34,60
222,0,0,0,1,0,1,0,0,1,0,0,0,0,46,50268,23967,61128,15,33,60
223,0,0,0,1,0,1,0,0,1,0,0,0,1,46,50268,23967,61128,15,33,60
224,0,0,0,1,0,1,0,0,0,1,0,0,0,47,50268,23967,45313,12,29,60
225,0,0,0,1,0,1,0,0,0,1,0,0,1,47,50268,23967,45313,12,29,60
226,0,0,0,1,0,1,0,0,0,0,1,0,0,47,50268,23967,58448,12,32,62
227,0,0,0,1,0,1,0,0,0,0,1,0,1,47,50268,23967,58448,12,32,62
228,0,0,0,1,0,1,0,0,0,0,0,1,0,45,50268,23967,203107,17,36,62
229,0,0,0,1,0,1,0,0,0,0,0,1,1,45,50268,23967,203107,17,36,62
230,0,0,0,1,0,0,1,0,0,0,0,0,0,45,50268,22905,90688,16,33,60
231,0,0,0,1,0,0,1,0,0,0,0,0,1,45,50268,22905,90688,16,33,60
232,0,0,0,1,0,0,1,0,1,0,0,0,0,46,50268,22905,61128,15,32,60
233,0,0,0,1,0,0,1,0,1,0,0,0,1,46,50268,22905,61128,15,32,60
234,0,0,0,1,0,0,1,0,0,1,0,0,0,47,50268,22905,45313,12,28,60
235,0,0,0,1,0,0,1,0,0,1,0,0,1,47,50268,22905,45313,12,28,60
236,0,0,0,1,0,0,1,0,0,0,1,0,0,47,50268,22905,58448,12,32,62
237,0,0,0,1,0,0,1,0,0,0,1,0,1,47,50268,22905,58448,12,32,62
238,0,0,0,1,0,0,1,0,0,0,0,1,0,46,50268,22905,203107,16,35,62
239,0,0,0,1,0,0,1,0,0,0,0,1,1,46,50268,22905,203107,16,35,62
240,0,0,0,1,0,0,0,1,0,0,0,0,0,46,50268,28540,90688,16,33,60
241,0,0,0,1,0,0,0,1,0,0,0,0,1,46,50268,28540,90688,16,33,60
242,0,0,0,1,0,0,0,1,1,0,0,0,0,46,50268,28540,61128,15,32,60
243,0,0,0,1,0,0,0,1,1,0,0,0,1,46,50268,28540,61128,15,32,60
244,0,0,0,1,0,0,0,1,0,1,0,0,0,48,50268,28540,45313,12,28,60
245,0,0,0,1,0,0,0,1,0,1,0,0,1,48,50268,28540,45313,12,28,60
246,0,0,0,1,0,0,0,1,0,0,1,0,0,48,50268,28540,58448,12,32,62
247,0,0,0,1,0,0,0,1,0,0,1,0,1,48,50268,28540,58448,12,32,62
248,0,0,0,1,0,0,0,1,0,0,0,1,0,46,50268,28540,203107,16,36,62
249,0,0,0,1,0,0,0,1,0,0,0,1,1,46,50268,28540,203107,16,36,62
