,Unnamed: 0,in:ExtAEW_Log,in:ExtP_Log,in:Glaz_B,in:Mat_B,in:OpenEW_Med,in:OpenNS_Med,in:PnlWidth,in:SillA_B,in:SillP_B,out:CoEqTotal,out:CoEqYear,out:FramesAtyp,out:FramesTyp,out:MinStreefApt,out:MinStreefPent,out:PerMKwh,out:SpaceExt,out:SpaceInt,out:StreefApt,out:StreefPent,out:TotalKwh
0,0,0,0,0,0,0,0,22,0,0,129400,143120,388,300,48.8,65.1,62.2,5113.2,486.76,36.1,35.1,318044
1,1,0,0,1,0,0,0,22,0,0,137600,128370,388,300,48.8,65.1,55.79,5113.2,486.76,36.1,35.1,285266
2,2,0,0,0,1,0,0,22,0,0,151500,138984,388,300,48.8,65.1,60.4,5113.2,486.76,36.1,35.1,308854
3,3,0,0,1,1,0,0,22,0,0,159700,124234,388,300,48.8,65.1,53.99,5113.2,486.76,36.1,35.1,276076
4,4,1,0,0,0,0,0,22,0,0,130900,147170,388,380,55.0,65.3,65.31,5007.6,451.56,44.2,35.6,327044
5,5,1,0,1,0,0,0,22,0,0,139100,132420,388,380,55.0,65.3,58.76,5007.6,451.56,44.2,35.6,294266
6,6,1,0,0,1,0,0,22,0,0,157300,142224,388,380,55.0,65.3,63.11,5007.6,451.56,44.2,35.6,316054
7,7,1,0,1,1,0,0,22,0,0,165500,127474,388,380,55.0,65.3,56.57,5007.6,451.56,44.2,35.6,283276
8,8,0,1,0,0,0,0,22,0,0,129500,143525,388,308,49.0,63.1,62.64,5092.08,479.72,35.9,29.7,318944
9,9,0,1,1,0,0,0,22,0,0,137700,128775,388,308,49.0,63.1,56.2,5092.08,479.72,35.9,29.7,286166
10,10,0,1,0,1,0,0,22,0,0,152000,139308,388,308,49.0,63.1,60.8,5092.08,479.72,35.9,29.7,309574
11,11,0,1,1,1,0,0,22,0,0,160200,124558,388,308,49.0,63.1,54.36,5092.08,479.72,35.9,29.7,276796
12,12,1,1,0,0,0,0,22,0,0,131000,147575,388,388,56.0,63.0,65.77,4986.48,444.52,44.4,29.9,327944
13,13,1,1,1,0,0,0,22,0,0,139200,132825,388,388,56.0,63.0,59.19,4986.48,444.52,44.4,29.9,295166
14,14,1,1,0,1,0,0,22,0,0,157800,142548,388,388,56.0,63.0,63.53,4986.48,444.52,44.4,29.9,316774
15,15,1,1,1,1,0,0,22,0,0,166000,127798,388,388,56.0,63.0,56.95,4986.48,444.52,44.4,29.9,283996
16,16,0,0,0,0,0,1,22,0,0,127500,139814,388,300,48.5,62.5,60.76,5113.2,486.76,35.8,32.1,310698
17,17,0,0,1,0,0,1,22,0,0,134700,126953,388,300,48.5,62.5,55.17,5113.2,486.76,35.8,32.1,282117
18,18,0,0,0,1,0,1,22,0,0,152100,135207,388,300,48.5,62.5,58.76,5113.2,486.76,35.8,32.1,300459
19,19,0,0,1,1,0,1,22,0,0,159300,122345,388,300,48.5,62.5,53.17,5113.2,486.76,35.8,32.1,271878
20,20,1,0,0,0,0,1,22,0,0,129000,143864,388,380,55.2,62.3,63.84,5007.6,451.56,43.9,32.0,319698
21,21,1,0,1,0,0,1,22,0,0,136100,131003,388,380,55.2,62.3,58.14,5007.6,451.56,43.9,32.0,291117
22,22,1,0,0,1,0,1,22,0,0,157900,138447,388,380,55.2,62.3,61.44,5007.6,451.56,43.9,32.0,307659
23,23,1,0,1,1,0,1,22,0,0,165000,125585,388,380,55.2,62.3,55.73,5007.6,451.56,43.9,32.0,279078
24,24,0,1,0,0,0,1,22,0,0,127600,140219,388,308,48.6,59.5,61.19,5092.08,479.72,35.8,26.3,311598
25,25,0,1,1,0,0,1,22,0,0,134800,127358,388,308,48.6,59.5,55.58,5092.08,479.72,35.8,26.3,283017
26,26,0,1,0,1,0,1,22,0,0,152600,135531,388,308,48.6,59.5,59.15,5092.08,479.72,35.8,26.3,301179
27,27,0,1,1,1,0,1,22,0,0,159800,122669,388,308,48.6,59.5,53.53,5092.08,479.72,35.8,26.3,272598
28,28,1,1,0,0,0,1,22,0,0,129100,144269,388,388,55.3,59.3,64.29,4986.48,444.52,43.8,25.9,320598
29,29,1,1,1,0,0,1,22,0,0,136200,131408,388,388,55.3,59.3,58.56,4986.48,444.52,43.8,25.9,292017
30,30,1,1,0,1,0,1,22,0,0,158400,138771,388,388,55.3,59.3,61.84,4986.48,444.52,43.8,25.9,308379
31,31,1,1,1,1,0,1,22,0,0,165500,125909,388,388,55.3,59.3,56.11,4986.48,444.52,43.8,25.9,279798
32,32,0,0,0,0,1,0,22,0,0,127900,140375,388,300,46.1,63.2,61.01,5113.2,486.76,32.2,31.5,311945
33,33,0,0,1,0,1,0,22,0,0,135200,127193,388,300,46.1,63.2,55.28,5113.2,486.76,32.2,31.5,282652
34,34,0,0,0,1,1,0,22,0,0,152000,135848,388,300,46.1,63.2,59.04,5113.2,486.76,32.2,31.5,301884
35,35,0,0,1,1,1,0,22,0,0,159300,122666,388,300,46.1,63.2,53.31,5113.2,486.76,32.2,31.5,272591
36,36,1,0,0,0,1,0,22,0,0,129300,144425,388,380,53.4,63.2,64.09,5007.6,451.56,41.2,31.7,320945
37,37,1,0,1,0,1,0,22,0,0,136600,131243,388,380,53.4,63.2,58.24,5007.6,451.56,41.2,31.7,291652
38,38,1,0,0,1,1,0,22,0,0,157800,139088,388,380,53.4,63.2,61.72,5007.6,451.56,41.2,31.7,309084
39,39,1,0,1,1,1,0,22,0,0,165100,125906,388,380,53.4,63.2,55.87,5007.6,451.56,41.2,31.7,279791
40,40,0,1,0,0,1,0,22,0,0,127900,140780,388,308,46.8,60.1,61.44,5092.08,479.72,32.5,25.0,312845
41,41,0,1,1,0,1,0,22,0,0,135300,127598,388,308,46.8,60.1,55.68,5092.08,479.72,32.5,25.0,283552
42,42,0,1,0,1,1,0,22,0,0,152500,136172,388,308,46.8,60.1,59.43,5092.08,479.72,32.5,25.0,302604
43,43,0,1,1,1,1,0,22,0,0,159800,122990,388,308,46.8,60.1,53.67,5092.08,479.72,32.5,25.0,273311
44,44,1,1,0,0,1,0,22,0,0,129400,144830,388,388,53.5,60.1,64.54,4986.48,444.52,41.0,25.7,321845
45,45,1,1,1,0,1,0,22,0,0,136700,131648,388,388,53.5,60.1,58.67,4986.48,444.52,41.0,25.7,292552
46,46,1,1,0,1,1,0,22,0,0,158300,139412,388,388,53.5,60.1,62.13,4986.48,444.52,41.0,25.7,309804
47,47,1,1,1,1,1,0,22,0,0,165600,126230,388,388,53.5,60.1,56.25,4986.48,444.52,41.0,25.7,280511
48,48,0,0,0,0,1,1,22,0,0,126000,137070,388,300,46.3,59.7,59.57,5113.2,486.76,31.7,28.4,304600
49,49,0,0,1,0,1,1,22,0,0,132300,125777,388,300,46.3,59.7,54.66,5113.2,486.76,31.7,28.4,279504
50,50,0,0,0,1,1,1,22,0,0,152600,132070,388,300,46.3,59.7,57.4,5113.2,486.76,31.7,28.4,293489
51,51,0,0,1,1,1,1,22,0,0,158900,120777,388,300,46.3,59.7,52.49,5113.2,486.76,31.7,28.4,268393
52,52,1,0,0,0,1,1,22,0,0,127400,141120,388,380,53.0,59.8,62.62,5007.6,451.56,40.3,27.8,313600
53,53,1,0,1,0,1,1,22,0,0,133700,129827,388,380,53.0,59.8,57.61,5007.6,451.56,40.3,27.8,288504
54,54,1,0,0,1,1,1,22,0,0,158400,135310,388,380,53.0,59.8,60.05,5007.6,451.56,40.3,27.8,300689
55,55,1,0,1,1,1,1,22,0,0,164700,124017,388,380,53.0,59.8,55.03,5007.6,451.56,40.3,27.8,275593
56,56,0,1,0,0,1,1,22,0,0,126100,137475,388,308,46.1,57.3,60.0,5092.08,479.72,32.3,21.0,305500
57,57,0,1,1,0,1,1,22,0,0,132300,126182,388,308,46.1,57.3,55.07,5092.08,479.72,32.3,21.0,280404
58,58,0,1,0,1,1,1,22,0,0,153100,132394,388,308,46.1,57.3,57.78,5092.08,479.72,32.3,21.0,294209
59,59,0,1,1,1,1,1,22,0,0,159400,121101,388,308,46.1,57.3,52.85,5092.08,479.72,32.3,21.0,269113
60,60,1,1,0,0,1,1,22,0,0,127500,141525,388,388,52.6,58.0,63.07,4986.48,444.52,40.3,21.4,314500
61,61,1,1,1,0,1,1,22,0,0,133800,130232,388,388,52.6,58.0,58.04,4986.48,444.52,40.3,21.4,289404
62,62,1,1,0,1,1,1,22,0,0,158900,135634,388,388,52.6,58.0,60.45,4986.48,444.52,40.3,21.4,301409
63,63,1,1,1,1,1,1,22,0,0,165200,124341,388,388,52.6,58.0,55.41,4986.48,444.52,40.3,21.4,276313
64,64,0,0,0,0,0,0,22,1,0,126000,137132,388,660,44.3,65.1,59.6,5113.2,486.76,12.2,35.8,304738
65,65,0,0,1,0,0,0,22,1,0,132300,125803,388,660,44.3,65.1,54.67,5113.2,486.76,12.2,35.8,279563
66,66,0,0,0,1,0,0,22,1,0,152600,132142,388,660,44.3,65.1,57.43,5113.2,486.76,12.2,35.8,293648
67,67,0,0,1,1,0,0,22,1,0,158900,120813,388,660,44.3,65.1,52.51,5113.2,486.76,12.2,35.8,268473
68,68,1,0,0,0,0,0,22,1,0,127500,141182,388,740,50.8,65.7,62.65,5007.6,451.56,17.1,35.3,313738
69,69,1,0,1,0,0,0,22,1,0,133800,129853,388,740,50.8,65.7,57.63,5007.6,451.56,17.1,35.3,288563
70,70,1,0,0,1,0,0,22,1,0,158400,135382,388,740,50.8,65.7,60.08,5007.6,451.56,17.1,35.3,300848
71,71,1,0,1,1,0,0,22,1,0,164700,124053,388,740,50.8,65.7,55.05,5007.6,451.56,17.1,35.3,275673
72,72,0,1,0,0,0,0,22,1,0,126100,137537,388,668,44.6,62.7,60.02,5092.08,479.72,12.5,29.2,305638
73,73,0,1,1,0,0,0,22,1,0,132400,126208,388,668,44.6,62.7,55.08,5092.08,479.72,12.5,29.2,280463
74,74,0,1,0,1,0,0,22,1,0,153100,132466,388,668,44.6,62.7,57.81,5092.08,479.72,12.5,29.2,294368
75,75,0,1,1,1,0,0,22,1,0,159400,121137,388,668,44.6,62.7,52.87,5092.08,479.72,12.5,29.2,269193
76,76,1,1,0,0,0,0,22,1,0,127500,141587,388,748,51.0,62.5,63.1,4986.48,444.52,16.8,29.1,314638
77,77,1,1,1,0,0,0,22,1,0,133800,130258,388,748,51.0,62.5,58.05,4986.48,444.52,16.8,29.1,289463
78,78,1,1,0,1,0,0,22,1,0,158900,135706,388,748,51.0,62.5,60.48,4986.48,444.52,16.8,29.1,301568
79,79,1,1,1,1,0,0,22,1,0,165200,124377,388,748,51.0,62.5,55.43,4986.48,444.52,16.8,29.1,276393
80,80,0,0,0,0,0,1,22,1,0,124600,134606,388,660,43.1,62.9,58.5,5113.2,486.76,10.5,32.1,299125
81,81,0,0,1,0,0,1,22,1,0,130100,124721,388,660,43.1,62.9,54.2,5113.2,486.76,10.5,32.1,277158
82,82,0,0,0,1,0,1,22,1,0,153100,129254,388,660,43.1,62.9,56.17,5113.2,486.76,10.5,32.1,287232
83,83,0,0,1,1,0,1,22,1,0,158600,119369,388,660,43.1,62.9,51.88,5113.2,486.76,10.5,32.1,265265
84,84,1,0,0,0,0,1,22,1,0,126000,138656,388,740,50.0,62.2,61.53,5007.6,451.56,15.3,32.1,308125
85,85,1,0,1,0,0,1,22,1,0,131500,128771,388,740,50.0,62.2,57.14,5007.6,451.56,15.3,32.1,286158
86,86,1,0,0,1,0,1,22,1,0,158900,132494,388,740,50.0,62.2,58.8,5007.6,451.56,15.3,32.1,294432
87,87,1,0,1,1,0,1,22,1,0,164400,122609,388,740,50.0,62.2,54.41,5007.6,451.56,15.3,32.1,272465
88,88,0,1,0,0,0,1,22,1,0,124600,135011,388,668,43.3,60.0,58.92,5092.08,479.72,10.4,25.9,300025
89,89,0,1,1,0,0,1,22,1,0,130100,125126,388,668,43.3,60.0,54.61,5092.08,479.72,10.4,25.9,278058
90,90,0,1,0,1,0,1,22,1,0,153600,129578,388,668,43.3,60.0,56.55,5092.08,479.72,10.4,25.9,287952
91,91,0,1,1,1,0,1,22,1,0,159100,119693,388,668,43.3,60.0,52.24,5092.08,479.72,10.4,25.9,265985
92,92,1,1,0,0,0,1,22,1,0,126100,139061,388,748,50.8,59.9,61.97,4986.48,444.52,15.4,25.9,309025
93,93,1,1,1,0,0,1,22,1,0,131600,129176,388,748,50.8,59.9,57.57,4986.48,444.52,15.4,25.9,287058
94,94,1,1,0,1,0,1,22,1,0,159400,132818,388,748,50.8,59.9,59.19,4986.48,444.52,15.4,25.9,295152
95,95,1,1,1,1,0,1,22,1,0,164900,122933,388,748,50.8,59.9,54.79,4986.48,444.52,15.4,25.9,273185
96,96,0,0,0,0,1,0,22,1,0,124800,135012,388,660,40.3,62.9,58.68,5113.2,486.76,5.1,31.7,300026
97,97,0,0,1,0,1,0,22,1,0,130400,124895,388,660,40.3,62.9,54.28,5113.2,486.76,5.1,31.7,277544
98,98,0,0,0,1,1,0,22,1,0,153000,129718,388,660,40.3,62.9,56.38,5113.2,486.76,5.1,31.7,288262
99,99,0,0,1,1,1,0,22,1,0,158700,119601,388,660,40.3,62.9,51.98,5113.2,486.76,5.1,31.7,265780
100,100,1,0,0,0,1,0,22,1,0,126300,139062,388,740,47.3,63.0,61.71,5007.6,451.56,15.3,31.4,309026
101,101,1,0,1,0,1,0,22,1,0,131900,128945,388,740,47.3,63.0,57.22,5007.6,451.56,15.3,31.4,286544
102,102,1,0,0,1,1,0,22,1,0,158800,132958,388,740,47.3,63.0,59.0,5007.6,451.56,15.3,31.4,295462
103,103,1,0,1,1,1,0,22,1,0,164400,122841,388,740,47.3,63.0,54.51,5007.6,451.56,15.3,31.4,272980
104,104,0,1,0,0,1,0,22,1,0,124900,135417,388,668,39.5,59.5,59.1,5092.08,479.72,7.1,25.1,300926
105,105,0,1,1,0,1,0,22,1,0,130500,125300,388,668,39.5,59.5,54.68,5092.08,479.72,7.1,25.1,278444
106,106,0,1,0,1,1,0,22,1,0,153500,130042,388,668,39.5,59.5,56.75,5092.08,479.72,7.1,25.1,288982
107,107,0,1,1,1,1,0,22,1,0,159200,119925,388,668,39.5,59.5,52.34,5092.08,479.72,7.1,25.1,266500
108,108,1,1,0,0,1,0,22,1,0,126300,139467,388,748,46.8,60.0,62.15,4986.48,444.52,15.0,24.6,309926
109,109,1,1,1,0,1,0,22,1,0,132000,129350,388,748,46.8,60.0,57.64,4986.48,444.52,15.0,24.6,287444
110,110,1,1,0,1,1,0,22,1,0,159300,133282,388,748,46.8,60.0,59.4,4986.48,444.52,15.0,24.6,296182
111,111,1,1,1,1,1,0,22,1,0,164900,123165,388,748,46.8,60.0,54.89,4986.48,444.52,15.0,24.6,273700
112,112,0,0,0,0,1,1,22,1,0,123400,132486,388,660,38.9,59.7,57.58,5113.2,486.76,2.4,28.0,294413
113,113,0,0,1,0,1,1,22,1,0,128200,123812,388,660,38.9,59.7,53.81,5113.2,486.76,2.4,28.0,275138
114,114,0,0,0,1,1,1,22,1,0,153500,126831,388,660,38.9,59.7,55.12,5113.2,486.76,2.4,28.0,281847
115,115,0,0,1,1,1,1,22,1,0,158300,118157,388,660,38.9,59.7,51.35,5113.2,486.76,2.4,28.0,262572
116,116,1,0,0,0,1,1,22,1,0,124800,136536,388,740,44.7,60.0,60.59,5007.6,451.56,14.4,28.2,303413
117,117,1,0,1,0,1,1,22,1,0,129600,127862,388,740,44.7,60.0,56.74,5007.6,451.56,14.4,28.2,284138
118,118,1,0,0,1,1,1,22,1,0,159300,130071,388,740,44.7,60.0,57.72,5007.6,451.56,14.4,28.2,289047
119,119,1,0,1,1,1,1,22,1,0,164100,121397,388,740,44.7,60.0,53.87,5007.6,451.56,14.4,28.2,269772
120,120,0,1,0,0,1,1,22,1,0,123400,132891,388,668,38.5,57.0,57.99,5092.08,479.72,2.3,21.4,295313
121,121,0,1,1,0,1,1,22,1,0,128300,124217,388,668,38.5,57.0,54.21,5092.08,479.72,2.3,21.4,276038
122,122,0,1,0,1,1,1,22,1,0,154000,127155,388,668,38.5,57.0,55.49,5092.08,479.72,2.3,21.4,282567
123,123,0,1,1,1,1,1,22,1,0,158800,118481,388,668,38.5,57.0,51.71,5092.08,479.72,2.3,21.4,263292
124,124,1,1,0,0,1,1,22,1,0,124900,136941,388,748,46.2,57.6,61.03,4986.48,444.52,14.3,20.7,304313
125,125,1,1,1,0,1,1,22,1,0,129700,128267,388,748,46.2,57.6,57.16,4986.48,444.52,14.3,20.7,285038
126,126,1,1,0,1,1,1,22,1,0,159800,130395,388,748,46.2,57.6,58.11,4986.48,444.52,14.3,20.7,289767
127,127,1,1,1,1,1,1,22,1,0,164600,121721,388,748,46.2,57.6,54.25,4986.48,444.52,14.3,20.7,270492
128,128,0,0,0,0,0,0,22,0,1,129200,142654,388,328,49.2,56.7,62.0,5113.2,486.76,35.9,14.7,317009
129,129,0,0,1,0,0,0,22,0,1,137200,128170,388,328,49.2,56.7,55.7,5113.2,486.76,35.9,14.7,284822
130,130,0,0,0,1,0,0,22,0,1,151600,138452,388,328,49.2,56.7,60.17,5113.2,486.76,35.9,14.7,307671
131,131,0,0,1,1,0,0,22,0,1,159600,123968,388,328,49.2,56.7,53.88,5113.2,486.76,35.9,14.7,275484
132,132,1,0,0,0,0,0,22,0,1,130600,146704,388,408,55.5,57.9,65.1,5007.6,451.56,44.5,14.1,326009
133,133,1,0,1,0,0,0,22,0,1,138700,132220,388,408,55.5,57.9,58.68,5007.6,451.56,44.5,14.1,293822
134,134,1,0,0,1,0,0,22,0,1,157400,141692,388,408,55.5,57.9,62.88,5007.6,451.56,44.5,14.1,314871
135,135,1,0,1,1,0,0,22,0,1,165400,127208,388,408,55.5,57.9,56.45,5007.6,451.56,44.5,14.1,282684
136,136,0,1,0,0,0,0,22,0,1,129200,143059,388,336,49.3,52.6,62.43,5092.08,479.72,36.3,2.0,317909
137,137,0,1,1,0,0,0,22,0,1,137300,128575,388,336,49.3,52.6,56.11,5092.08,479.72,36.3,2.0,285722
138,138,0,1,0,1,0,0,22,0,1,152100,138776,388,336,49.3,52.6,60.56,5092.08,479.72,36.3,2.0,308391
139,139,0,1,1,1,0,0,22,0,1,160100,124292,388,336,49.3,52.6,54.24,5092.08,479.72,36.3,2.0,276204
140,140,1,1,0,0,0,0,22,0,1,130700,147109,388,416,55.6,53.9,65.56,4986.48,444.52,44.3,1.9,326909
141,141,1,1,1,0,0,0,22,0,1,138700,132625,388,416,55.6,53.9,59.1,4986.48,444.52,44.3,1.9,294722
142,142,1,1,0,1,0,0,22,0,1,157900,142016,388,416,55.6,53.9,63.29,4986.48,444.52,44.3,1.9,315591
143,143,1,1,1,1,0,0,22,0,1,165900,127532,388,416,55.6,53.9,56.83,4986.48,444.52,44.3,1.9,283404
144,144,0,0,0,0,0,1,22,0,1,127300,139395,388,328,49.1,51.9,60.58,5113.2,486.76,35.6,12.8,309767
145,145,0,0,1,0,0,1,22,0,1,134300,126773,388,328,49.1,51.9,55.1,5113.2,486.76,35.6,12.8,281718
146,146,0,0,0,1,0,1,22,0,1,152200,134728,388,328,49.1,51.9,58.55,5113.2,486.76,35.6,12.8,299395
147,147,0,0,1,1,0,1,22,0,1,159200,122106,388,328,49.1,51.9,53.07,5113.2,486.76,35.6,12.8,271346
148,148,1,0,0,0,0,1,22,0,1,128800,143445,388,408,55.4,51.0,63.66,5007.6,451.56,43.5,12.0,318767
149,149,1,0,1,0,0,1,22,0,1,135800,130823,388,408,55.4,51.0,58.06,5007.6,451.56,43.5,12.0,290718
150,150,1,0,0,1,0,1,22,0,1,158000,137968,388,408,55.4,51.0,61.23,5007.6,451.56,43.5,12.0,306595
151,151,1,0,1,1,0,1,22,0,1,165000,125346,388,408,55.4,51.0,55.62,5007.6,451.56,43.5,12.0,278546
152,152,0,1,0,0,0,1,22,0,1,127400,139800,388,336,48.8,46.7,61.01,5092.08,479.72,36.1,1.3,310667
153,153,0,1,1,0,0,1,22,0,1,134400,127178,388,336,48.8,46.7,55.5,5092.08,479.72,36.1,1.3,282618
154,154,0,1,0,1,0,1,22,0,1,152700,135052,388,336,48.8,46.7,58.94,5092.08,479.72,36.1,1.3,300115
155,155,0,1,1,1,0,1,22,0,1,159700,122430,388,336,48.8,46.7,53.43,5092.08,479.72,36.1,1.3,272066
156,156,1,1,0,0,0,1,22,0,1,128800,143850,388,416,55.6,46.6,64.11,4986.48,444.52,43.7,1.1,319667
157,157,1,1,1,0,0,1,22,0,1,135800,131228,388,416,55.6,46.6,58.48,4986.48,444.52,43.7,1.1,291618
158,158,1,1,0,1,0,1,22,0,1,158500,138292,388,416,55.6,46.6,61.63,4986.48,444.52,43.7,1.1,307315
159,159,1,1,1,1,0,1,22,0,1,165500,125670,388,416,55.6,46.6,56.0,4986.48,444.52,43.7,1.1,279266
160,160,0,0,0,0,1,0,22,0,1,127600,139972,388,328,46.7,55.0,60.83,5113.2,486.76,32.5,6.1,311049
161,161,0,0,1,0,1,0,22,0,1,134800,127021,388,328,46.7,55.0,55.2,5113.2,486.76,32.5,6.1,282268
162,162,0,0,0,1,1,0,22,0,1,152100,135387,388,328,46.7,55.0,58.84,5113.2,486.76,32.5,6.1,300860
163,163,0,0,1,1,1,0,22,0,1,159300,122436,388,328,46.7,55.0,53.21,5113.2,486.76,32.5,6.1,272079
164,164,1,0,0,0,1,0,22,0,1,129100,144022,388,408,53.4,54.2,63.91,5007.6,451.56,40.6,6.0,320049
165,165,1,0,1,0,1,0,22,0,1,136300,131071,388,408,53.4,54.2,58.17,5007.6,451.56,40.6,6.0,291268
166,166,1,0,0,1,1,0,22,0,1,157900,138627,388,408,53.4,54.2,61.52,5007.6,451.56,40.6,6.0,308060
167,167,1,0,1,1,1,0,22,0,1,165100,125676,388,408,53.4,54.2,55.77,5007.6,451.56,40.6,6.0,279279
168,168,0,1,0,0,1,0,22,0,1,127700,140377,388,336,46.2,49.0,61.26,5092.08,479.72,32.6,0.8,311949
169,169,0,1,1,0,1,0,22,0,1,134900,127426,388,336,46.2,49.0,55.61,5092.08,479.72,32.6,0.8,283168
170,170,0,1,0,1,1,0,22,0,1,152600,135711,388,336,46.2,49.0,59.23,5092.08,479.72,32.6,0.8,301580
171,171,0,1,1,1,1,0,22,0,1,159800,122760,388,336,46.2,49.0,53.57,5092.08,479.72,32.6,0.8,272799
172,172,1,1,0,0,1,0,22,0,1,129200,144427,388,416,53.1,49.0,64.36,4986.48,444.52,40.9,1.1,320949
173,173,1,1,1,0,1,0,22,0,1,136400,131476,388,416,53.1,49.0,58.59,4986.48,444.52,40.9,1.1,292168
174,174,1,1,0,1,1,0,22,0,1,158400,138951,388,416,53.1,49.0,61.92,4986.48,444.52,40.9,1.1,308780
175,175,1,1,1,1,1,0,22,0,1,165600,126000,388,416,53.1,49.0,56.15,4986.48,444.52,40.9,1.1,279999
176,176,0,0,0,0,1,1,22,0,1,125800,136713,388,328,46.1,49.2,59.42,5113.2,486.76,32.1,4.1,303807
177,177,0,0,1,0,1,1,22,0,1,131900,125624,388,328,46.1,49.2,54.6,5113.2,486.76,32.1,4.1,279164
178,178,0,0,0,1,1,1,22,0,1,152700,131663,388,328,46.1,49.2,57.22,5113.2,486.76,32.1,4.1,292584
179,179,0,0,1,1,1,1,22,0,1,158900,120573,388,328,46.1,49.2,52.4,5113.2,486.76,32.1,4.1,267941
180,180,1,0,0,0,1,1,22,0,1,127200,140763,388,408,52.9,48.5,62.47,5007.6,451.56,39.7,2.4,312807
181,181,1,0,1,0,1,1,22,0,1,133400,129674,388,408,52.9,48.5,57.55,5007.6,451.56,39.7,2.4,288164
182,182,1,0,0,1,1,1,22,0,1,158500,134903,388,408,52.9,48.5,59.87,5007.6,451.56,39.7,2.4,299784
183,183,1,0,1,1,1,1,22,0,1,164600,123813,388,408,52.9,48.5,54.94,5007.6,451.56,39.7,2.4,275141
184,184,0,1,0,0,1,1,22,0,1,125800,137118,388,336,47.0,38.8,59.84,5092.08,479.72,31.7,0.4,304707
185,185,0,1,1,0,1,1,22,0,1,132000,126029,388,336,47.0,38.8,55.0,5092.08,479.72,31.7,0.4,280064
186,186,0,1,0,1,1,1,22,0,1,153200,131987,388,336,47.0,38.8,57.6,5092.08,479.72,31.7,0.4,293304
187,187,0,1,1,1,1,1,22,0,1,159400,120897,388,336,47.0,38.8,52.76,5092.08,479.72,31.7,0.4,268661
188,188,1,1,0,0,1,1,22,0,1,127300,141168,388,416,53.0,41.2,62.91,4986.48,444.52,40.1,0.4,313707
189,189,1,1,1,0,1,1,22,0,1,133500,130079,388,416,53.0,41.2,57.97,4986.48,444.52,40.1,0.4,289064
190,190,1,1,0,1,1,1,22,0,1,159000,135227,388,416,53.0,41.2,60.26,4986.48,444.52,40.1,0.4,300504
191,191,1,1,1,1,1,1,22,0,1,165200,124137,388,416,53.0,41.2,55.32,4986.48,444.52,40.1,0.4,275861
192,192,0,0,0,0,0,0,22,1,1,125700,136666,388,688,44.4,58.1,59.4,5113.2,486.76,12.6,13.9,303703
193,193,0,0,1,0,0,0,22,1,1,131900,125604,388,688,44.4,58.1,54.59,5113.2,486.76,12.6,13.9,279120
194,194,0,0,0,1,0,0,22,1,1,152700,131609,388,688,44.4,58.1,57.2,5113.2,486.76,12.6,13.9,292465
195,195,0,0,1,1,0,0,22,1,1,158900,120546,388,688,44.4,58.1,52.39,5113.2,486.76,12.6,13.9,267881
196,196,1,0,0,0,0,0,22,1,1,127200,140716,388,768,51.0,57.4,62.45,5007.6,451.56,17.2,13.9,312703
197,197,1,0,1,0,0,0,22,1,1,133300,129654,388,768,51.0,57.4,57.54,5007.6,451.56,17.2,13.9,288120
198,198,1,0,0,1,0,0,22,1,1,158500,134849,388,768,51.0,57.4,59.84,5007.6,451.56,17.2,13.9,299665
199,199,1,0,1,1,0,0,22,1,1,164600,123786,388,768,51.0,57.4,54.93,5007.6,451.56,17.2,13.9,275081
200,200,0,1,0,0,0,0,22,1,1,125800,137071,388,696,44.7,53.9,59.82,5092.08,479.72,12.2,2.2,304603
201,201,0,1,1,0,0,0,22,1,1,132000,126009,388,696,44.7,53.9,54.99,5092.08,479.72,12.2,2.2,280020
202,202,0,1,0,1,0,0,22,1,1,153200,131933,388,696,44.7,53.9,57.58,5092.08,479.72,12.2,2.2,293185
203,203,0,1,1,1,0,0,22,1,1,159400,120870,388,696,44.7,53.9,52.75,5092.08,479.72,12.2,2.2,268601
204,204,1,1,0,0,0,0,22,1,1,127300,141121,388,776,51.7,53.6,62.89,4986.48,444.52,16.8,2.2,313603
205,205,1,1,1,0,0,0,22,1,1,133400,130059,388,776,51.7,53.6,57.96,4986.48,444.52,16.8,2.2,289020
206,206,1,1,0,1,0,0,22,1,1,159000,135173,388,776,51.7,53.6,60.24,4986.48,444.52,16.8,2.2,300385
207,207,1,1,1,1,0,0,22,1,1,165100,124110,388,776,51.7,53.6,55.31,4986.48,444.52,16.8,2.2,275801
208,208,0,0,0,0,0,1,22,1,1,124300,134187,388,688,43.1,52.7,58.32,5113.2,486.76,10.9,12.5,298194
209,209,0,0,1,0,0,1,22,1,1,129700,124542,388,688,43.1,52.7,54.13,5113.2,486.76,10.9,12.5,276759
210,210,0,0,0,1,0,1,22,1,1,153200,128776,388,688,43.1,52.7,55.97,5113.2,486.76,10.9,12.5,286169
211,211,0,0,1,1,0,1,22,1,1,158500,119130,388,688,43.1,52.7,51.77,5113.2,486.76,10.9,12.5,264733
212,212,1,0,0,0,0,1,22,1,1,125800,138237,388,768,49.9,52.8,61.35,5007.6,451.56,15.7,12.3,307194
213,213,1,0,1,0,0,1,22,1,1,131100,128592,388,768,49.9,52.8,57.07,5007.6,451.56,15.7,12.3,285759
214,214,1,0,0,1,0,1,22,1,1,159000,132016,388,768,49.9,52.8,58.58,5007.6,451.56,15.7,12.3,293369
215,215,1,0,1,1,0,1,22,1,1,164300,122370,388,768,49.9,52.8,54.3,5007.6,451.56,15.7,12.3,271933
216,216,0,1,0,0,0,1,22,1,1,124400,134592,388,696,43.3,45.8,58.74,5092.08,479.72,10.9,1.4,299094
217,217,0,1,1,0,0,1,22,1,1,129800,124947,388,696,43.3,45.8,54.53,5092.08,479.72,10.9,1.4,277659
218,218,0,1,0,1,0,1,22,1,1,153700,129100,388,696,43.3,45.8,56.34,5092.08,479.72,10.9,1.4,286889
219,219,0,1,1,1,0,1,22,1,1,159100,119454,388,696,43.3,45.8,52.13,5092.08,479.72,10.9,1.4,265453
220,220,1,1,0,0,0,1,22,1,1,125900,138642,388,776,49.5,45.7,61.79,4986.48,444.52,15.3,1.4,308094
221,221,1,1,1,0,0,1,22,1,1,131200,128997,388,776,49.5,45.7,57.49,4986.48,444.52,15.3,1.4,286659
222,222,1,1,0,1,0,1,22,1,1,159500,132340,388,776,49.5,45.7,58.98,4986.48,444.52,15.3,1.4,294089
223,223,1,1,1,1,0,1,22,1,1,164800,122694,388,776,49.5,45.7,54.68,4986.48,444.52,15.3,1.4,272653
224,224,0,0,0,0,1,0,22,1,1,124600,134609,388,688,40.4,55.7,58.5,5113.2,486.76,6.1,5.7,299130
225,225,0,0,1,0,1,0,22,1,1,130100,124722,388,688,40.4,55.7,54.2,5113.2,486.76,6.1,5.7,277159
226,226,0,0,0,1,1,0,22,1,1,153100,129257,388,688,40.4,55.7,56.18,5113.2,486.76,6.1,5.7,287238
227,227,0,0,1,1,1,0,22,1,1,158600,119371,388,688,40.4,55.7,51.88,5113.2,486.76,6.1,5.7,265268
228,228,1,0,0,0,1,0,22,1,1,126000,138659,388,768,46.5,55.2,61.53,5007.6,451.56,15.0,4.9,308130
229,229,1,0,1,0,1,0,22,1,1,131500,128772,388,768,46.5,55.2,57.14,5007.6,451.56,15.0,4.9,286159
230,230,1,0,0,1,1,0,22,1,1,158900,132497,388,768,46.5,55.2,58.8,5007.6,451.56,15.0,4.9,294438
231,231,1,0,1,1,1,0,22,1,1,164400,122611,388,768,46.5,55.2,54.41,5007.6,451.56,15.0,4.9,272468
232,232,0,1,0,0,1,0,22,1,1,124600,135014,388,696,40.3,48.0,58.92,5092.08,479.72,7.3,1.3,300030
233,233,0,1,1,0,1,0,22,1,1,130100,125127,388,696,40.3,48.0,54.61,5092.08,479.72,7.3,1.3,278059
234,234,0,1,0,1,1,0,22,1,1,153600,129581,388,696,40.3,48.0,56.55,5092.08,479.72,7.3,1.3,287958
235,235,0,1,1,1,1,0,22,1,1,159100,119695,388,696,40.3,48.0,52.24,5092.08,479.72,7.3,1.3,265988
236,236,1,1,0,0,1,0,22,1,1,126100,139064,388,776,47.1,49.2,61.97,4986.48,444.52,15.1,0.8,309030
237,237,1,1,1,0,1,0,22,1,1,131600,129177,388,776,47.1,49.2,57.57,4986.48,444.52,15.1,0.8,287059
238,238,1,1,0,1,1,0,22,1,1,159400,132821,388,776,47.1,49.2,59.19,4986.48,444.52,15.1,0.8,295158
239,239,1,1,1,1,1,0,22,1,1,164900,122935,388,776,47.1,49.2,54.79,4986.48,444.52,15.1,0.8,273188
240,240,0,0,0,0,1,1,22,1,1,123200,132129,388,688,38.1,49.0,57.42,5113.2,486.76,2.8,2.3,293620
241,241,0,0,1,0,1,1,22,1,1,127900,123659,388,688,38.1,49.0,53.74,5113.2,486.76,2.8,2.3,274798
242,242,0,0,0,1,1,1,22,1,1,153600,126423,388,688,38.1,49.0,54.94,5113.2,486.76,2.8,2.3,280941
243,243,0,0,1,1,1,1,22,1,1,158300,117954,388,688,38.1,49.0,51.26,5113.2,486.76,2.8,2.3,262119
244,244,1,0,0,0,1,1,22,1,1,124600,136179,388,768,45.3,48.8,60.43,5007.6,451.56,14.2,1.5,302620
245,245,1,0,1,0,1,1,22,1,1,129300,127709,388,768,45.3,48.8,56.67,5007.6,451.56,14.2,1.5,283798
246,246,1,0,0,1,1,1,22,1,1,159400,129663,388,768,45.3,48.8,57.54,5007.6,451.56,14.2,1.5,288141
247,247,1,0,1,1,1,1,22,1,1,164100,121194,388,768,45.3,48.8,53.78,5007.6,451.56,14.2,1.5,269319
248,248,0,1,0,0,1,1,22,1,1,123200,132534,388,696,37.6,41.5,57.84,5092.08,479.72,2.5,0.5,294520
249,249,0,1,1,0,1,1,22,1,1,127900,124064,388,696,37.6,41.5,54.14,5092.08,479.72,2.5,0.5,275698
250,250,0,1,0,1,1,1,22,1,1,154100,126747,388,696,37.6,41.5,55.31,5092.08,479.72,2.5,0.5,281661
251,251,0,1,1,1,1,1,22,1,1,158800,118278,388,696,37.6,41.5,51.62,5092.08,479.72,2.5,0.5,262839
252,252,1,1,0,0,1,1,22,1,1,124700,136584,388,776,44.5,43.4,60.87,4986.48,444.52,14.1,0.2,303520
253,253,1,1,1,0,1,1,22,1,1,129400,128114,388,776,44.5,43.4,57.09,4986.48,444.52,14.1,0.2,284698
254,254,1,1,0,1,1,1,22,1,1,159900,129987,388,776,44.5,43.4,57.93,4986.48,444.52,14.1,0.2,288861
255,255,1,1,1,1,1,1,22,1,1,164600,121518,388,776,44.5,43.4,54.15,4986.48,444.52,14.1,0.2,270039
256,256,0,0,0,0,0,0,20,0,0,127400,140289,400,300,47.4,67.0,60.46,5156.4,432.68,31.2,43.0,311754
257,257,0,0,1,0,0,0,20,0,0,134700,127157,400,300,47.4,67.0,54.8,5156.4,432.68,31.2,43.0,282570
258,258,0,0,0,1,0,0,20,0,0,151600,135750,400,300,47.4,67.0,58.5,5156.4,432.68,31.2,43.0,301666
259,259,0,0,1,1,0,0,20,0,0,158900,122617,400,300,47.4,67.0,52.84,5156.4,432.68,31.2,43.0,272482
260,260,1,0,0,0,0,0,20,0,0,129000,144339,400,380,53.1,67.1,63.33,5065.2,402.28,38.7,43.5,320754
261,261,1,0,1,0,0,0,20,0,0,136300,131207,400,380,53.1,67.1,57.56,5065.2,402.28,38.7,43.5,291570
262,262,1,0,0,1,0,0,20,0,0,157500,138990,400,380,53.1,67.1,60.98,5065.2,402.28,38.7,43.5,308866
263,263,1,0,1,1,0,0,20,0,0,164800,125857,400,380,53.1,67.1,55.22,5065.2,402.28,38.7,43.5,279682
264,264,0,1,0,0,0,0,20,0,0,127500,140694,400,308,47.3,64.1,60.96,5129.04,423.56,31.7,36.5,312654
265,265,0,1,1,0,0,0,20,0,0,134700,127562,400,308,47.3,64.1,55.27,5129.04,423.56,31.7,36.5,283470
266,266,0,1,0,1,0,0,20,0,0,152100,136074,400,308,47.3,64.1,58.96,5129.04,423.56,31.7,36.5,302386
267,267,0,1,1,1,0,0,20,0,0,159400,122941,400,308,47.3,64.1,53.27,5129.04,423.56,31.7,36.5,273202
268,268,1,1,0,0,0,0,20,0,0,129000,144744,400,388,53.4,64.2,63.85,5037.84,393.16,38.8,36.2,321654
269,269,1,1,1,0,0,0,20,0,0,136300,131612,400,388,53.4,64.2,58.05,5037.84,393.16,38.8,36.2,292470
270,270,1,1,0,1,0,0,20,0,0,158000,139314,400,388,53.4,64.2,61.45,5037.84,393.16,38.8,36.2,309586
271,271,1,1,1,1,0,0,20,0,0,165300,126181,400,388,53.4,64.2,55.66,5037.84,393.16,38.8,36.2,280402
272,272,0,0,0,0,0,1,20,0,0,125700,137327,400,300,47.1,66.7,59.18,5156.4,432.68,30.2,39.4,305170
273,273,0,0,1,0,0,1,20,0,0,132100,125887,400,300,47.1,66.7,54.25,5156.4,432.68,30.2,39.4,279748
274,274,0,0,0,1,0,1,20,0,0,152200,132364,400,300,47.1,66.7,57.04,5156.4,432.68,30.2,39.4,294142
275,275,0,0,1,1,0,1,20,0,0,158600,120924,400,300,47.1,66.7,52.11,5156.4,432.68,30.2,39.4,268720
276,276,1,0,0,0,0,1,20,0,0,127300,141377,400,380,52.8,66.4,62.03,5065.2,402.28,37.9,40.3,314170
277,277,1,0,1,0,0,1,20,0,0,133600,129937,400,380,52.8,66.4,57.01,5065.2,402.28,37.9,40.3,288748
278,278,1,0,0,1,0,1,20,0,0,158100,135604,400,380,52.8,66.4,59.49,5065.2,402.28,37.9,40.3,301342
279,279,1,0,1,1,0,1,20,0,0,164400,124164,400,380,52.8,66.4,54.47,5065.2,402.28,37.9,40.3,275920
280,280,0,1,0,0,0,1,20,0,0,125800,137732,400,308,46.7,63.6,59.67,5129.04,423.56,30.3,32.5,306070
281,281,0,1,1,0,0,1,20,0,0,132100,126292,400,308,46.7,63.6,54.72,5129.04,423.56,30.3,32.5,280648
282,282,0,1,0,1,0,1,20,0,0,152700,132688,400,308,46.7,63.6,57.49,5129.04,423.56,30.3,32.5,294862
283,283,0,1,1,1,0,1,20,0,0,159000,121248,400,308,46.7,63.6,52.53,5129.04,423.56,30.3,32.5,269440
284,284,1,1,0,0,0,1,20,0,0,127300,141782,400,388,53.0,63.5,62.54,5037.84,393.16,37.2,32.4,315070
285,285,1,1,1,0,0,1,20,0,0,133700,130342,400,388,53.0,63.5,57.49,5037.84,393.16,37.2,32.4,289648
286,286,1,1,0,1,0,1,20,0,0,158500,135928,400,388,53.0,63.5,59.96,5037.84,393.16,37.2,32.4,302062
287,287,1,1,1,1,0,1,20,0,0,164900,124488,400,388,53.0,63.5,54.91,5037.84,393.16,37.2,32.4,276640
288,288,0,0,0,0,1,0,20,0,0,126000,137865,400,300,44.6,65.0,59.41,5156.4,432.68,28.2,40.9,306367
289,289,0,0,1,0,1,0,20,0,0,132600,126117,400,300,44.6,65.0,54.35,5156.4,432.68,28.2,40.9,280261
290,290,0,0,0,1,1,0,20,0,0,152100,132980,400,300,44.6,65.0,57.31,5156.4,432.68,28.2,40.9,295510
291,291,0,0,1,1,1,0,20,0,0,158600,121232,400,300,44.6,65.0,52.25,5156.4,432.68,28.2,40.9,269404
292,292,1,0,0,0,1,0,20,0,0,127600,141915,400,380,51.0,66.0,62.26,5065.2,402.28,36.0,40.0,315367
293,293,1,0,1,0,1,0,20,0,0,134100,130167,400,380,51.0,66.0,57.11,5065.2,402.28,36.0,40.0,289261
294,294,1,0,0,1,1,0,20,0,0,158000,136220,400,380,51.0,66.0,59.76,5065.2,402.28,36.0,40.0,302710
295,295,1,0,1,1,1,0,20,0,0,164500,124472,400,380,51.0,66.0,54.61,5065.2,402.28,36.0,40.0,276604
296,296,0,1,0,0,1,0,20,0,0,126100,138270,400,308,45.2,62.9,59.91,5129.04,423.56,28.3,31.1,307267
297,297,0,1,1,0,1,0,20,0,0,132600,126522,400,308,45.2,62.9,54.82,5129.04,423.56,28.3,31.1,281161
298,298,0,1,0,1,1,0,20,0,0,152600,133304,400,308,45.2,62.9,57.76,5129.04,423.56,28.3,31.1,296230
299,299,0,1,1,1,1,0,20,0,0,159100,121556,400,308,45.2,62.9,52.67,5129.04,423.56,28.3,31.1,270124
300,300,1,1,0,0,1,0,20,0,0,127600,142320,400,388,51.3,62.3,62.78,5037.84,393.16,36.0,31.3,316267
301,301,1,1,1,0,1,0,20,0,0,134100,130572,400,388,51.3,62.3,57.6,5037.84,393.16,36.0,31.3,290161
302,302,1,1,0,1,1,0,20,0,0,158400,136544,400,388,51.3,62.3,60.23,5037.84,393.16,36.0,31.3,303430
303,303,1,1,1,1,1,0,20,0,0,165000,124796,400,388,51.3,62.3,55.05,5037.84,393.16,36.0,31.3,277324
304,304,0,0,0,0,1,1,20,0,0,124300,134903,400,300,44.6,64.4,58.14,5156.4,432.68,27.0,36.0,299784
305,305,0,0,1,0,1,1,20,0,0,129900,124848,400,300,44.6,64.4,53.8,5156.4,432.68,27.0,36.0,277440
306,306,0,0,0,1,1,1,20,0,0,152700,129594,400,300,44.6,64.4,55.85,5156.4,432.68,27.0,36.0,287986
307,307,0,0,1,1,1,1,20,0,0,158200,119539,400,300,44.6,64.4,51.52,5156.4,432.68,27.0,36.0,265642
308,308,1,0,0,0,1,1,20,0,0,125900,138953,400,380,50.9,64.3,60.96,5065.2,402.28,34.6,36.2,308784
309,309,1,0,1,0,1,1,20,0,0,131500,128898,400,380,50.9,64.3,56.55,5065.2,402.28,34.6,36.2,286440
310,310,1,0,0,1,1,1,20,0,0,158500,132834,400,380,50.9,64.3,58.28,5065.2,402.28,34.6,36.2,295186
311,311,1,0,1,1,1,1,20,0,0,164100,122779,400,380,50.9,64.3,53.87,5065.2,402.28,34.6,36.2,272842
312,312,0,1,0,0,1,1,20,0,0,124400,135308,400,308,44.2,62.0,58.62,5129.04,423.56,27.0,26.4,300684
313,313,0,1,1,0,1,1,20,0,0,130000,125253,400,308,44.2,62.0,54.27,5129.04,423.56,27.0,26.4,278340
314,314,0,1,0,1,1,1,20,0,0,153100,129918,400,308,44.2,62.0,56.29,5129.04,423.56,27.0,26.4,288706
315,315,0,1,1,1,1,1,20,0,0,158700,119863,400,308,44.2,62.0,51.93,5129.04,423.56,27.0,26.4,266362
316,316,1,1,0,0,1,1,20,0,0,125900,139358,400,388,50.4,62.6,61.47,5037.84,393.16,34.5,25.9,309684
317,317,1,1,1,0,1,1,20,0,0,131500,129303,400,388,50.4,62.6,57.04,5037.84,393.16,34.5,25.9,287340
318,318,1,1,0,1,1,1,20,0,0,159000,133158,400,388,50.4,62.6,58.74,5037.84,393.16,34.5,25.9,295906
319,319,1,1,1,1,1,1,20,0,0,164600,123103,400,388,50.4,62.6,54.3,5037.84,393.16,34.5,25.9,273562
320,320,0,0,0,0,0,0,20,1,0,124500,135118,400,660,41.6,67.0,58.23,5156.4,432.68,9.4,43.3,300263
321,321,0,0,1,0,0,0,20,1,0,130100,124940,400,660,41.6,67.0,53.84,5156.4,432.68,9.4,43.3,277645
322,322,0,0,0,1,0,0,20,1,0,152600,129840,400,660,41.6,67.0,55.96,5156.4,432.68,9.4,43.3,288533
323,323,0,0,1,1,0,0,20,1,0,158300,119662,400,660,41.6,67.0,51.57,5156.4,432.68,9.4,43.3,265915
324,324,1,0,0,0,0,0,20,1,0,126000,139168,400,740,47.1,67.1,61.06,5065.2,402.28,13.5,43.9,309263
325,325,1,0,1,0,0,0,20,1,0,131700,128990,400,740,47.1,67.1,56.59,5065.2,402.28,13.5,43.9,286645
326,326,1,0,0,1,0,0,20,1,0,158500,133080,400,740,47.1,67.1,58.39,5065.2,402.28,13.5,43.9,295733
327,327,1,0,1,1,0,0,20,1,0,164100,122902,400,740,47.1,67.1,53.92,5065.2,402.28,13.5,43.9,273115
328,328,0,1,0,0,0,0,20,1,0,124500,135523,400,668,40.7,64.0,58.72,5129.04,423.56,9.2,36.4,301163
329,329,0,1,1,0,0,0,20,1,0,130200,125345,400,668,40.7,64.0,54.31,5129.04,423.56,9.2,36.4,278545
330,330,0,1,0,1,0,0,20,1,0,153100,130164,400,668,40.7,64.0,56.4,5129.04,423.56,9.2,36.4,289253
331,331,0,1,1,1,0,0,20,1,0,158700,119986,400,668,40.7,64.0,51.99,5129.04,423.56,9.2,36.4,266635
332,332,1,1,0,0,0,0,20,1,0,126000,139573,400,748,46.8,64.0,61.57,5037.84,393.16,13.5,35.9,310163
333,333,1,1,1,0,0,0,20,1,0,131700,129395,400,748,46.8,64.0,57.08,5037.84,393.16,13.5,35.9,287545
334,334,1,1,0,1,0,0,20,1,0,159000,133404,400,748,46.8,64.0,58.85,5037.84,393.16,13.5,35.9,296453
335,335,1,1,1,1,0,0,20,1,0,164600,123226,400,748,46.8,64.0,54.36,5037.84,393.16,13.5,35.9,273835
336,336,0,0,0,0,0,1,20,1,0,123200,132829,400,660,39.5,66.8,57.24,5156.4,432.68,8.1,39.8,295175
337,337,0,0,1,0,0,1,20,1,0,128100,123959,400,660,39.5,66.8,53.42,5156.4,432.68,8.1,39.8,275465
338,338,0,0,0,1,0,1,20,1,0,153100,127224,400,660,39.5,66.8,54.83,5156.4,432.68,8.1,39.8,282719
339,339,0,0,1,1,0,1,20,1,0,158000,118354,400,660,39.5,66.8,51.01,5156.4,432.68,8.1,39.8,263008
340,340,1,0,0,0,0,1,20,1,0,124700,136879,400,740,45.7,66.5,60.05,5065.2,402.28,12.7,39.7,304175
341,341,1,0,1,0,0,1,20,1,0,129600,128009,400,740,45.7,66.5,56.16,5065.2,402.28,12.7,39.7,284465
342,342,1,0,0,1,0,1,20,1,0,158900,130464,400,740,45.7,66.5,57.24,5065.2,402.28,12.7,39.7,289919
343,343,1,0,1,1,0,1,20,1,0,163900,121594,400,740,45.7,66.5,53.35,5065.2,402.28,12.7,39.7,270208
344,344,0,1,0,0,0,1,20,1,0,123200,133234,400,668,39.5,63.4,57.73,5129.04,423.56,7.7,32.3,296075
345,345,0,1,1,0,0,1,20,1,0,128100,124364,400,668,39.5,63.4,53.88,5129.04,423.56,7.7,32.3,276365
346,346,0,1,0,1,0,1,20,1,0,153500,127548,400,668,39.5,63.4,55.26,5129.04,423.56,7.7,32.3,283439
347,347,0,1,1,1,0,1,20,1,0,158400,118678,400,668,39.5,63.4,51.42,5129.04,423.56,7.7,32.3,263728
348,348,1,1,0,0,0,1,20,1,0,124700,137284,400,748,44.7,63.9,60.56,5037.84,393.16,12.4,32.6,305075
349,349,1,1,1,0,0,1,20,1,0,129700,128414,400,748,44.7,63.9,56.64,5037.84,393.16,12.4,32.6,285365
350,350,1,1,0,1,0,1,20,1,0,159400,130788,400,748,44.7,63.9,57.69,5037.84,393.16,12.4,32.6,290639
351,351,1,1,1,1,0,1,20,1,0,164300,121918,400,748,44.7,63.9,53.78,5037.84,393.16,12.4,32.6,270928
352,352,0,0,0,0,1,0,20,1,0,123400,133233,400,660,36.5,65.9,57.42,5156.4,432.68,2.6,40.7,296073
353,353,0,0,1,0,1,0,20,1,0,128400,124133,400,660,36.5,65.9,53.5,5156.4,432.68,2.6,40.7,275850
354,354,0,0,0,1,1,0,20,1,0,153000,127685,400,660,36.5,65.9,55.03,5156.4,432.68,2.6,40.7,283745
355,355,0,0,1,1,1,0,20,1,0,158000,118584,400,660,36.5,65.9,51.11,5156.4,432.68,2.6,40.7,263521
356,356,1,0,0,0,1,0,20,1,0,124900,137283,400,740,41.0,65.9,60.23,5065.2,402.28,12.6,40.3,305073
357,357,1,0,1,0,1,0,20,1,0,130000,128183,400,740,41.0,65.9,56.24,5065.2,402.28,12.6,40.3,284850
358,358,1,0,0,1,1,0,20,1,0,158800,130925,400,740,41.0,65.9,57.44,5065.2,402.28,12.6,40.3,290945
359,359,1,0,1,1,1,0,20,1,0,163900,121824,400,740,41.0,65.9,53.45,5065.2,402.28,12.6,40.3,270721
360,360,0,1,0,0,1,0,20,1,0,123400,133638,400,668,35.9,63.2,57.9,5129.04,423.56,2.7,30.5,296973
361,361,0,1,1,0,1,0,20,1,0,128500,124538,400,668,35.9,63.2,53.96,5129.04,423.56,2.7,30.5,276750
362,362,0,1,0,1,1,0,20,1,0,153400,128009,400,668,35.9,63.2,55.46,5129.04,423.56,2.7,30.5,284465
363,363,0,1,1,1,1,0,20,1,0,158500,118908,400,668,35.9,63.2,51.52,5129.04,423.56,2.7,30.5,264241
364,364,1,1,0,0,1,0,20,1,0,125000,137688,400,748,41.7,62.2,60.73,5037.84,393.16,12.8,30.4,305973
365,365,1,1,1,0,1,0,20,1,0,130000,128588,400,748,41.7,62.2,56.72,5037.84,393.16,12.8,30.4,285750
366,366,1,1,0,1,1,0,20,1,0,159300,131249,400,748,41.7,62.2,57.89,5037.84,393.16,12.8,30.4,291665
367,367,1,1,1,1,1,0,20,1,0,164400,122148,400,748,41.7,62.2,53.88,5037.84,393.16,12.8,30.4,271441
368,368,0,0,0,0,1,1,20,1,0,122100,130944,400,660,34.0,65.2,56.43,5156.4,432.68,0.7,36.3,290986
369,369,0,0,1,0,1,1,20,1,0,126400,123151,400,660,34.0,65.2,53.07,5156.4,432.68,0.7,36.3,273669
370,370,0,0,0,1,1,1,20,1,0,153400,125069,400,660,34.0,65.2,53.9,5156.4,432.68,0.7,36.3,277931
371,371,0,0,1,1,1,1,20,1,0,157700,117276,400,660,34.0,65.2,50.54,5156.4,432.68,0.7,36.3,260614
372,372,1,0,0,0,1,1,20,1,0,123600,134994,400,740,38.6,63.9,59.22,5065.2,402.28,12.1,35.9,299986
373,373,1,0,1,0,1,1,20,1,0,128000,127201,400,740,38.6,63.9,55.81,5065.2,402.28,12.1,35.9,282669
374,374,1,0,0,1,1,1,20,1,0,159300,128309,400,740,38.6,63.9,56.29,5065.2,402.28,12.1,35.9,285131
375,375,1,0,1,1,1,1,20,1,0,163600,120516,400,740,38.6,63.9,52.87,5065.2,402.28,12.1,35.9,267814
376,376,0,1,0,0,1,1,20,1,0,122100,131349,400,668,33.8,62.4,56.91,5129.04,423.56,1.0,26.9,291886
377,377,0,1,1,0,1,1,20,1,0,126400,123556,400,668,33.8,62.4,53.53,5129.04,423.56,1.0,26.9,274569
378,378,0,1,0,1,1,1,20,1,0,153900,125393,400,668,33.8,62.4,54.33,5129.04,423.56,1.0,26.9,278651
379,379,0,1,1,1,1,1,20,1,0,158200,117600,400,668,33.8,62.4,50.95,5129.04,423.56,1.0,26.9,261334
380,380,1,1,0,0,1,1,20,1,0,123700,135399,400,748,39.3,61.6,59.73,5037.84,393.16,12.1,26.5,300886
381,381,1,1,1,0,1,1,20,1,0,128000,127606,400,748,39.3,61.6,56.29,5037.84,393.16,12.1,26.5,283569
382,382,1,1,0,1,1,1,20,1,0,159700,128633,400,748,39.3,61.6,56.74,5037.84,393.16,12.1,26.5,285851
383,383,1,1,1,1,1,1,20,1,0,164100,120840,400,748,39.3,61.6,53.3,5037.84,393.16,12.1,26.5,268534
384,384,0,0,0,0,0,0,20,0,1,127100,139715,400,340,47.4,63.1,60.21,5156.4,432.68,31.8,21.8,310477
385,385,0,0,1,0,0,0,20,0,1,134200,126910,400,340,47.4,63.1,54.69,5156.4,432.68,31.8,21.8,282023
386,386,0,0,0,1,0,0,20,0,1,151700,135093,400,340,47.4,63.1,58.22,5156.4,432.68,31.8,21.8,300206
387,387,0,0,1,1,0,0,20,0,1,158900,122288,400,340,47.4,63.1,52.7,5156.4,432.68,31.8,21.8,271752
388,388,1,0,0,0,0,0,20,0,1,128600,143765,400,420,53.0,62.7,63.07,5065.2,402.28,39.1,21.5,319477
389,389,1,0,1,0,0,0,20,0,1,135800,130960,400,420,53.0,62.7,57.46,5065.2,402.28,39.1,21.5,291023
390,390,1,0,0,1,0,0,20,0,1,157600,138333,400,420,53.0,62.7,60.69,5065.2,402.28,39.1,21.5,307406
391,391,1,0,1,1,0,0,20,0,1,164700,125528,400,420,53.0,62.7,55.07,5065.2,402.28,39.1,21.5,278952
392,392,0,1,0,0,0,0,20,0,1,127100,140120,400,348,48.0,57.0,60.71,5129.04,423.56,31.3,3.8,311377
393,393,0,1,1,0,0,0,20,0,1,134200,127315,400,348,48.0,57.0,55.16,5129.04,423.56,31.3,3.8,282923
394,394,0,1,0,1,0,0,20,0,1,152200,135417,400,348,48.0,57.0,58.67,5129.04,423.56,31.3,3.8,300926
395,395,0,1,1,1,0,0,20,0,1,159300,122612,400,348,48.0,57.0,53.12,5129.04,423.56,31.3,3.8,272472
396,396,1,1,0,0,0,0,20,0,1,128700,144170,400,428,53.3,58.0,63.59,5037.84,393.16,38.8,3.5,320377
397,397,1,1,1,0,0,0,20,0,1,135800,131365,400,428,53.3,58.0,57.95,5037.84,393.16,38.8,3.5,291923
398,398,1,1,0,1,0,0,20,0,1,158100,138657,400,428,53.3,58.0,61.16,5037.84,393.16,38.8,3.5,308126
399,399,1,1,1,1,0,0,20,0,1,165200,125852,400,428,53.3,58.0,55.51,5037.84,393.16,38.8,3.5,279672
400,400,0,0,0,0,0,1,20,0,1,125400,136819,400,340,47.1,59.1,58.96,5156.4,432.68,30.0,19.2,304043
401,401,0,0,1,0,0,1,20,0,1,131600,125669,400,340,47.1,59.1,54.16,5156.4,432.68,30.0,19.2,279265
402,402,0,0,0,1,0,1,20,0,1,152300,131784,400,340,47.1,59.1,56.79,5156.4,432.68,30.0,19.2,292853
403,403,0,0,1,1,0,1,20,0,1,158500,120634,400,340,47.1,59.1,51.99,5156.4,432.68,30.0,19.2,268075
404,404,1,0,0,0,0,1,20,0,1,127000,140869,400,420,53.3,59.5,61.8,5065.2,402.28,37.8,18.0,313043
405,405,1,0,1,0,0,1,20,0,1,133200,129719,400,420,53.3,59.5,56.91,5065.2,402.28,37.8,18.0,288265
406,406,1,0,0,1,0,1,20,0,1,158200,135024,400,420,53.3,59.5,59.24,5065.2,402.28,37.8,18.0,300053
407,407,1,0,1,1,0,1,20,0,1,164400,123874,400,420,53.3,59.5,54.35,5065.2,402.28,37.8,18.0,275275
408,408,0,1,0,0,0,1,20,0,1,125500,137224,400,348,47.2,52.8,59.45,5129.04,423.56,29.9,1.8,304943
409,409,0,1,1,0,0,1,20,0,1,131700,126074,400,348,47.2,52.8,54.62,5129.04,423.56,29.9,1.8,280165
410,410,0,1,0,1,0,1,20,0,1,152800,132108,400,348,47.2,52.8,57.24,5129.04,423.56,29.9,1.8,293573
411,411,0,1,1,1,0,1,20,0,1,159000,120958,400,348,47.2,52.8,52.41,5129.04,423.56,29.9,1.8,268795
412,412,1,1,0,0,0,1,20,0,1,127000,141274,400,428,53.3,52.6,62.32,5037.84,393.16,37.6,1.4,313943
413,413,1,1,1,0,0,1,20,0,1,133200,130124,400,428,53.3,52.6,57.4,5037.84,393.16,37.6,1.4,289165
414,414,1,1,0,1,0,1,20,0,1,158600,135348,400,428,53.3,52.6,59.7,5037.84,393.16,37.6,1.4,300773
415,415,1,1,1,1,0,1,20,0,1,164800,124198,400,428,53.3,52.6,54.78,5037.84,393.16,37.6,1.4,275995
416,416,0,0,0,0,1,0,20,0,1,125700,137358,400,340,45.1,60.2,59.2,5156.4,432.68,28.4,14.8,305240
417,417,0,0,1,0,1,0,20,0,1,132100,125900,400,340,45.1,60.2,54.26,5156.4,432.68,28.4,14.8,279778
418,418,0,0,0,1,1,0,20,0,1,152200,132399,400,340,45.1,60.2,57.06,5156.4,432.68,28.4,14.8,294221
419,419,0,0,1,1,1,0,20,0,1,158600,120942,400,340,45.1,60.2,52.12,5156.4,432.68,28.4,14.8,268759
420,420,1,0,0,0,1,0,20,0,1,127300,141408,400,420,50.9,60.0,62.04,5065.2,402.28,36.1,14.3,314240
421,421,1,0,1,0,1,0,20,0,1,133700,129950,400,420,50.9,60.0,57.01,5065.2,402.28,36.1,14.3,288778
422,422,1,0,0,1,1,0,20,0,1,158100,135639,400,420,50.9,60.0,59.51,5065.2,402.28,36.1,14.3,301421
423,423,1,0,1,1,1,0,20,0,1,164400,124182,400,420,50.9,60.0,54.48,5065.2,402.28,36.1,14.3,275959
424,424,0,1,0,0,1,0,20,0,1,125800,137763,400,348,44.8,53.7,59.69,5129.04,423.56,27.8,2.4,306140
425,425,0,1,1,0,1,0,20,0,1,132100,126305,400,348,44.8,53.7,54.72,5129.04,423.56,27.8,2.4,280678
426,426,0,1,0,1,1,0,20,0,1,152700,132723,400,348,44.8,53.7,57.5,5129.04,423.56,27.8,2.4,294941
427,427,0,1,1,1,1,0,20,0,1,159000,121266,400,348,44.8,53.7,52.54,5129.04,423.56,27.8,2.4,269479
428,428,1,1,0,0,1,0,20,0,1,127300,141813,400,428,50.9,53.6,62.55,5037.84,393.16,36.0,2.3,315140
429,429,1,1,1,0,1,0,20,0,1,133700,130355,400,428,50.9,53.6,57.5,5037.84,393.16,36.0,2.3,289678
430,430,1,1,0,1,1,0,20,0,1,158500,135963,400,428,50.9,53.6,59.97,5037.84,393.16,36.0,2.3,302141
431,431,1,1,1,1,1,0,20,0,1,164900,124506,400,428,50.9,53.6,54.92,5037.84,393.16,36.0,2.3,276679
432,432,0,0,0,0,1,1,20,0,1,124100,134463,400,340,44.1,56.2,57.95,5156.4,432.68,26.9,11.5,298806
433,433,0,0,1,0,1,1,20,0,1,129500,124659,400,340,44.1,56.2,53.72,5156.4,432.68,26.9,11.5,277021
434,434,0,0,0,1,1,1,20,0,1,152700,129091,400,340,44.1,56.2,55.63,5156.4,432.68,26.9,11.5,286868
435,435,0,0,1,1,1,1,20,0,1,158200,119287,400,340,44.1,56.2,51.41,5156.4,432.68,26.9,11.5,265083
436,436,1,0,0,0,1,1,20,0,1,125600,138513,400,420,51.0,55.7,60.77,5065.2,402.28,34.6,11.5,307806
437,437,1,0,1,0,1,1,20,0,1,131100,128709,400,420,51.0,55.7,56.47,5065.2,402.28,34.6,11.5,286021
438,438,1,0,0,1,1,1,20,0,1,158600,132331,400,420,51.0,55.7,58.06,5065.2,402.28,34.6,11.5,294068
439,439,1,0,1,1,1,1,20,0,1,164100,122527,400,420,51.0,55.7,53.76,5065.2,402.28,34.6,11.5,272283
440,440,0,1,0,0,1,1,20,0,1,124100,134868,400,348,44.5,48.1,58.43,5129.04,423.56,26.9,0.9,299706
441,441,0,1,1,0,1,1,20,0,1,129600,125064,400,348,44.5,48.1,54.19,5129.04,423.56,26.9,0.9,277921
442,442,0,1,0,1,1,1,20,0,1,153200,129415,400,348,44.5,48.1,56.07,5129.04,423.56,26.9,0.9,287588
443,443,0,1,1,1,1,1,20,0,1,158700,119611,400,348,44.5,48.1,51.82,5129.04,423.56,26.9,0.9,265803
444,444,1,1,0,0,1,1,20,0,1,125700,138918,400,428,50.7,48.0,61.28,5037.84,393.16,34.9,0.7,308706
445,445,1,1,1,0,1,1,20,0,1,131100,129114,400,428,50.7,48.0,56.95,5037.84,393.16,34.9,0.7,286921
446,446,1,1,0,1,1,1,20,0,1,159100,132655,400,428,50.7,48.0,58.51,5037.84,393.16,34.9,0.7,294788
447,447,1,1,1,1,1,1,20,0,1,164500,122851,400,428,50.7,48.0,54.19,5037.84,393.16,34.9,0.7,273003
448,448,0,0,0,0,0,0,20,1,1,124100,134544,400,700,41.1,63.9,57.98,5156.4,432.68,9.7,20.6,298986
449,449,0,0,1,0,0,0,20,1,1,129600,124694,400,700,41.1,63.9,53.74,5156.4,432.68,9.7,20.6,277098
450,450,0,0,0,1,0,0,20,1,1,152700,129183,400,700,41.1,63.9,55.67,5156.4,432.68,9.7,20.6,287074
451,451,0,0,1,1,0,0,20,1,1,158200,119334,400,700,41.1,63.9,51.43,5156.4,432.68,9.7,20.6,265186
452,452,1,0,0,0,0,0,20,1,1,125700,138594,400,780,47.4,63.6,60.8,5065.2,402.28,13.4,20.5,307986
453,453,1,0,1,0,0,0,20,1,1,131200,128744,400,780,47.4,63.6,56.48,5065.2,402.28,13.4,20.5,286098
454,454,1,0,0,1,0,0,20,1,1,158600,132423,400,780,47.4,63.6,58.1,5065.2,402.28,13.4,20.5,294274
455,455,1,0,1,1,0,0,20,1,1,164100,122574,400,780,47.4,63.6,53.78,5065.2,402.28,13.4,20.5,272386
456,456,0,1,0,0,0,0,20,1,1,124200,134949,400,708,40.8,58.0,58.47,5129.04,423.56,9.4,3.4,299886
457,457,0,1,1,0,0,0,20,1,1,129600,125099,400,708,40.8,58.0,54.2,5129.04,423.56,9.4,3.4,277998
458,458,0,1,0,1,0,0,20,1,1,153200,129507,400,708,40.8,58.0,56.11,5129.04,423.56,9.4,3.4,287794
459,459,0,1,1,1,0,0,20,1,1,158700,119658,400,708,40.8,58.0,51.84,5129.04,423.56,9.4,3.4,265906
460,460,1,1,0,0,0,0,20,1,1,125700,138999,400,788,47.4,57.5,61.31,5037.84,393.16,13.7,3.6,308886
461,461,1,1,1,0,0,0,20,1,1,131200,129149,400,788,47.4,57.5,56.97,5037.84,393.16,13.7,3.6,286998
462,462,1,1,0,1,0,0,20,1,1,159100,132747,400,788,47.4,57.5,58.56,5037.84,393.16,13.7,3.6,294994
463,463,1,1,1,1,0,0,20,1,1,164500,122898,400,788,47.4,57.5,54.21,5037.84,393.16,13.7,3.6,273106
464,464,0,0,0,0,0,1,20,1,1,122900,132322,400,700,40.1,59.3,57.03,5156.4,432.68,7.8,18.8,294048
465,465,0,0,1,0,0,1,20,1,1,127600,123742,400,700,40.1,59.3,53.33,5156.4,432.68,7.8,18.8,274982
466,466,0,0,0,1,0,1,20,1,1,153100,126644,400,700,40.1,59.3,54.58,5156.4,432.68,7.8,18.8,281431
467,467,0,0,1,1,0,1,20,1,1,157900,118064,400,700,40.1,59.3,50.88,5156.4,432.68,7.8,18.8,262364
468,468,1,0,0,0,0,1,20,1,1,124400,136372,400,780,44.6,59.7,59.83,5065.2,402.28,12.6,18.9,303048
469,469,1,0,1,0,0,1,20,1,1,129200,127792,400,780,44.6,59.7,56.07,5065.2,402.28,12.6,18.9,283982
470,470,1,0,0,1,0,1,20,1,1,159000,129884,400,780,44.6,59.7,56.98,5065.2,402.28,12.6,18.9,288631
471,471,1,0,1,1,0,1,20,1,1,163800,121304,400,780,44.6,59.7,53.22,5065.2,402.28,12.6,18.9,269564
472,472,0,1,0,0,0,1,20,1,1,122900,132727,400,708,39.0,52.3,57.51,5129.04,423.56,7.8,1.5,294948
473,473,0,1,1,0,0,1,20,1,1,127700,124147,400,708,39.0,52.3,53.79,5129.04,423.56,7.8,1.5,275882
474,474,0,1,0,1,0,1,20,1,1,153600,126968,400,708,39.0,52.3,55.01,5129.04,423.56,7.8,1.5,282151
475,475,0,1,1,1,0,1,20,1,1,158400,118388,400,708,39.0,52.3,51.29,5129.04,423.56,7.8,1.5,263084
476,476,1,1,0,0,0,1,20,1,1,124500,136777,400,788,44.8,53.0,60.33,5037.84,393.16,12.8,1.9,303948
477,477,1,1,1,0,0,1,20,1,1,129200,128197,400,788,44.8,53.0,56.55,5037.84,393.16,12.8,1.9,284882
478,478,1,1,0,1,0,1,20,1,1,159500,130208,400,788,44.8,53.0,57.44,5037.84,393.16,12.8,1.9,289351
479,479,1,1,1,1,0,1,20,1,1,164300,121628,400,788,44.8,53.0,53.65,5037.84,393.16,12.8,1.9,270284
480,480,0,0,0,0,1,0,20,1,1,123100,132726,400,700,36.5,60.6,57.2,5156.4,432.68,4.0,14.7,294946
481,481,0,0,1,0,1,0,20,1,1,128000,123915,400,700,36.5,60.6,53.4,5156.4,432.68,4.0,14.7,275367
482,482,0,0,0,1,1,0,20,1,1,153100,127106,400,700,36.5,60.6,54.78,5156.4,432.68,4.0,14.7,282457
483,483,0,0,1,1,1,0,20,1,1,158000,118295,400,700,36.5,60.6,50.98,5156.4,432.68,4.0,14.7,262877
484,484,1,0,0,0,1,0,20,1,1,124600,136776,400,780,42.7,60.5,60.01,5065.2,402.28,12.9,14.5,303946
485,485,1,0,1,0,1,0,20,1,1,129500,127965,400,780,42.7,60.5,56.14,5065.2,402.28,12.9,14.5,284367
486,486,1,0,0,1,1,0,20,1,1,158900,130346,400,780,42.7,60.5,57.19,5065.2,402.28,12.9,14.5,289657
487,487,1,0,1,1,1,0,20,1,1,163800,121535,400,780,42.7,60.5,53.32,5065.2,402.28,12.9,14.5,270077
488,488,0,1,0,0,1,0,20,1,1,123100,133131,400,708,36.3,53.1,57.68,5129.04,423.56,3.9,2.0,295846
489,489,0,1,1,0,1,0,20,1,1,128000,124320,400,708,36.3,53.1,53.86,5129.04,423.56,3.9,2.0,276267
490,490,0,1,0,1,1,0,20,1,1,153500,127430,400,708,36.3,53.1,55.21,5129.04,423.56,3.9,2.0,283177
491,491,0,1,1,1,1,0,20,1,1,158400,118619,400,708,36.3,53.1,51.39,5129.04,423.56,3.9,2.0,263597
492,492,1,1,0,0,1,0,20,1,1,124700,137181,400,788,42.8,53.3,60.51,5037.84,393.16,12.6,1.8,304846
493,493,1,1,1,0,1,0,20,1,1,129600,128370,400,788,42.8,53.3,56.62,5037.84,393.16,12.6,1.8,285267
494,494,1,1,0,1,1,0,20,1,1,159400,130670,400,788,42.8,53.3,57.64,5037.84,393.16,12.6,1.8,290377
495,495,1,1,1,1,1,0,20,1,1,164300,121859,400,788,42.8,53.3,53.75,5037.84,393.16,12.6,1.8,270797
496,496,0,0,0,0,1,1,20,1,1,121800,130504,400,700,34.4,56.0,56.24,5156.4,432.68,1.2,11.9,290008
497,497,0,0,1,0,1,1,20,1,1,126000,122963,400,700,34.4,56.0,52.99,5156.4,432.68,1.2,11.9,273250
498,498,0,0,0,1,1,1,20,1,1,153500,124566,400,700,34.4,56.0,53.68,5156.4,432.68,1.2,11.9,276814
499,499,0,0,1,1,1,1,20,1,1,157700,117025,400,700,34.4,56.0,50.43,5156.4,432.68,1.2,11.9,260056
500,500,1,0,0,0,1,1,20,1,1,123400,134554,400,780,40.2,57.3,59.03,5065.2,402.28,12.3,11.6,299008
501,501,1,0,1,0,1,1,20,1,1,127600,127013,400,780,40.2,57.3,55.72,5065.2,402.28,12.3,11.6,282250
502,502,1,0,0,1,1,1,20,1,1,159400,127806,400,780,40.2,57.3,56.07,5065.2,402.28,12.3,11.6,284014
503,503,1,0,1,1,1,1,20,1,1,163600,120265,400,780,40.2,57.3,52.76,5065.2,402.28,12.3,11.6,267256
504,504,0,1,0,0,1,1,20,1,1,121900,130909,400,708,33.5,48.1,56.72,5129.04,423.56,1.0,0.8,290908
505,505,0,1,1,0,1,1,20,1,1,126100,123368,400,708,33.5,48.1,53.45,5129.04,423.56,1.0,0.8,274150
506,506,0,1,0,1,1,1,20,1,1,154000,124890,400,708,33.5,48.1,54.11,5129.04,423.56,1.0,0.8,277534
507,507,0,1,1,1,1,1,20,1,1,158200,117349,400,708,33.5,48.1,50.84,5129.04,423.56,1.0,0.8,260776
508,508,1,1,0,0,1,1,20,1,1,123400,134959,400,788,39.1,48.0,59.53,5037.84,393.16,12.2,0.7,299908
509,509,1,1,1,0,1,1,20,1,1,127600,127418,400,788,39.1,48.0,56.2,5037.84,393.16,12.2,0.7,283150
510,510,1,1,0,1,1,1,20,1,1,159800,128130,400,788,39.1,48.0,56.52,5037.84,393.16,12.2,0.7,284734
511,511,1,1,1,1,1,1,20,1,1,164000,120589,400,788,39.1,48.0,53.19,5037.84,393.16,12.2,0.7,267976
512,512,0,0,0,0,0,0,15,0,0,130000,141354,568,300,47.0,75.4,61.66,5094.0,650.6,32.8,61.4,314119
513,513,0,0,1,0,0,0,15,0,0,137600,127613,568,300,47.0,75.4,55.67,5094.0,650.6,32.8,61.4,283584
514,514,0,0,0,1,0,0,15,0,0,153400,136966,568,300,47.0,75.4,59.75,5094.0,650.6,32.8,61.4,304369
515,515,0,0,1,1,0,0,15,0,0,161000,123225,568,300,47.0,75.4,53.76,5094.0,650.6,32.8,61.4,273833
516,516,1,0,0,0,0,0,15,0,0,133000,149454,568,460,53.1,75.3,67.88,4892.4,583.4,39.7,61.0,332119
517,517,1,0,1,0,0,0,15,0,0,140600,135713,568,460,53.1,75.3,61.64,4892.4,583.4,39.7,61.0,301584
518,518,1,0,0,1,0,0,15,0,0,165000,143446,568,460,53.1,75.3,65.16,4892.4,583.4,39.7,61.0,318769
519,519,1,0,1,1,0,0,15,0,0,172600,129705,568,460,53.1,75.3,58.91,4892.4,583.4,39.7,61.0,288233
520,520,0,1,0,0,0,0,15,0,0,130200,142164,568,316,46.2,61.1,62.43,5060.4,639.4,32.5,27.1,315919
521,521,0,1,1,0,0,0,15,0,0,137800,128423,568,316,46.2,61.1,56.4,5060.4,639.4,32.5,27.1,285384
522,522,0,1,0,1,0,0,15,0,0,154500,137614,568,316,46.2,61.1,60.43,5060.4,639.4,32.5,27.1,305809
523,523,0,1,1,1,0,0,15,0,0,162100,123873,568,316,46.2,61.1,54.4,5060.4,639.4,32.5,27.1,275273
524,524,1,1,0,0,0,0,15,0,0,133200,150264,568,476,52.3,61.2,68.72,4858.8,572.2,40.2,27.1,333919
525,525,1,1,1,0,0,0,15,0,0,140800,136523,568,476,52.3,61.2,62.44,4858.8,572.2,40.2,27.1,303384
526,526,1,1,0,1,0,0,15,0,0,166100,144094,568,476,52.3,61.2,65.9,4858.8,572.2,40.2,27.1,320209
527,527,1,1,1,1,0,0,15,0,0,173700,130353,568,476,52.3,61.2,59.62,4858.8,572.2,40.2,27.1,289673
528,528,0,0,0,0,0,1,15,0,0,128300,138377,568,300,46.6,74.6,60.37,5094.0,650.6,31.0,57.2,307504
529,529,0,0,1,0,0,1,15,0,0,135000,126337,568,300,46.6,74.6,55.11,5094.0,650.6,31.0,57.2,280749
530,530,0,0,0,1,0,1,15,0,0,154000,133564,568,300,46.6,74.6,58.27,5094.0,650.6,31.0,57.2,296809
531,531,0,0,1,1,0,1,15,0,0,160700,121524,568,300,46.6,74.6,53.01,5094.0,650.6,31.0,57.2,270053
532,532,1,0,0,0,0,1,15,0,0,131300,146477,568,460,52.7,74.7,66.53,4892.4,583.4,38.0,57.3,325504
533,533,1,0,1,0,0,1,15,0,0,138000,134437,568,460,52.7,74.7,61.06,4892.4,583.4,38.0,57.3,298749
534,534,1,0,0,1,0,1,15,0,0,165600,140044,568,460,52.7,74.7,63.61,4892.4,583.4,38.0,57.3,311209
535,535,1,0,1,1,0,1,15,0,0,172300,128004,568,460,52.7,74.7,58.14,4892.4,583.4,38.0,57.3,284453
536,536,0,1,0,0,0,1,15,0,0,128500,139187,568,316,46.1,58.5,61.12,5060.4,639.4,30.7,24.0,309304
537,537,0,1,1,0,0,1,15,0,0,135200,127147,568,316,46.1,58.5,55.84,5060.4,639.4,30.7,24.0,282549
538,538,0,1,0,1,0,1,15,0,0,155000,134212,568,316,46.1,58.5,58.94,5060.4,639.4,30.7,24.0,298249
539,539,0,1,1,1,0,1,15,0,0,161700,122172,568,316,46.1,58.5,53.65,5060.4,639.4,30.7,24.0,271493
540,540,1,1,0,0,0,1,15,0,0,131500,147287,568,476,52.4,57.9,67.36,4858.8,572.2,38.2,24.2,327304
541,541,1,1,1,0,0,1,15,0,0,138200,135247,568,476,52.4,57.9,61.86,4858.8,572.2,38.2,24.2,300549
542,542,1,1,0,1,0,1,15,0,0,166700,140692,568,476,52.4,57.9,64.35,4858.8,572.2,38.2,24.2,312649
543,543,1,1,1,1,0,1,15,0,0,173300,128652,568,476,52.4,57.9,58.84,4858.8,572.2,38.2,24.2,285893
544,544,0,0,0,0,1,0,15,0,0,128500,138695,568,300,44.0,74.0,60.5,5094.0,650.6,30.1,57.5,308210
545,545,0,0,1,0,1,0,15,0,0,135300,126473,568,300,44.0,74.0,55.17,5094.0,650.6,30.1,57.5,281051
546,546,0,0,0,1,1,0,15,0,0,153900,133927,568,300,44.0,74.0,58.42,5094.0,650.6,30.1,57.5,297615
547,547,0,0,1,1,1,0,15,0,0,160700,121705,568,300,44.0,74.0,53.09,5094.0,650.6,30.1,57.5,270456
548,548,1,0,0,0,1,0,15,0,0,131500,146795,568,460,49.4,72.8,66.68,4892.4,583.4,38.8,58.4,326210
549,549,1,0,1,0,1,0,15,0,0,138200,134573,568,460,49.4,72.8,61.13,4892.4,583.4,38.8,58.4,299051
550,550,1,0,0,1,1,0,15,0,0,165500,140407,568,460,49.4,72.8,63.78,4892.4,583.4,38.8,58.4,312015
551,551,1,0,1,1,1,0,15,0,0,172300,128185,568,460,49.4,72.8,58.22,4892.4,583.4,38.8,58.4,284856
552,552,0,1,0,0,1,0,15,0,0,128700,139505,568,316,43.3,58.2,61.26,5060.4,639.4,29.9,22.4,310010
553,553,0,1,1,0,1,0,15,0,0,135500,127283,568,316,43.3,58.2,55.89,5060.4,639.4,29.9,22.4,282851
554,554,0,1,0,1,1,0,15,0,0,155000,134575,568,316,43.3,58.2,59.1,5060.4,639.4,29.9,22.4,299055
555,555,0,1,1,1,1,0,15,0,0,161800,122353,568,316,43.3,58.2,53.73,5060.4,639.4,29.9,22.4,271896
556,556,1,1,0,0,1,0,15,0,0,131700,147605,568,476,49.5,58.6,67.51,4858.8,572.2,38.3,22.2,328010
557,557,1,1,1,0,1,0,15,0,0,138500,135383,568,476,49.5,58.6,61.92,4858.8,572.2,38.3,22.2,300851
558,558,1,1,0,1,1,0,15,0,0,166600,141055,568,476,49.5,58.6,64.51,4858.8,572.2,38.3,22.2,313455
559,559,1,1,1,1,1,0,15,0,0,173400,128833,568,476,49.5,58.6,58.92,4858.8,572.2,38.3,22.2,286296
560,560,0,0,0,0,1,1,15,0,0,126800,135718,568,300,43.3,72.3,59.21,5094.0,650.6,28.3,55.7,301595
561,561,0,0,1,0,1,1,15,0,0,132600,125197,568,300,43.3,72.3,54.62,5094.0,650.6,28.3,55.7,278216
562,562,0,0,0,1,1,1,15,0,0,154500,130525,568,300,43.3,72.3,56.94,5094.0,650.6,28.3,55.7,290055
563,563,0,0,1,1,1,1,15,0,0,160300,120004,568,300,43.3,72.3,52.35,5094.0,650.6,28.3,55.7,266676
564,564,1,0,0,0,1,1,15,0,0,129800,143818,568,460,49.5,72.1,65.32,4892.4,583.4,36.0,55.5,319595
565,565,1,0,1,0,1,1,15,0,0,135600,133297,568,460,49.5,72.1,60.55,4892.4,583.4,36.0,55.5,296216
566,566,1,0,0,1,1,1,15,0,0,166100,137005,568,460,49.5,72.1,62.23,4892.4,583.4,36.0,55.5,304455
567,567,1,0,1,1,1,1,15,0,0,171900,126484,568,460,49.5,72.1,57.45,4892.4,583.4,36.0,55.5,281076
568,568,0,1,0,0,1,1,15,0,0,127000,136528,568,316,43.4,55.5,59.95,5060.4,639.4,27.8,18.6,303395
569,569,0,1,1,0,1,1,15,0,0,132800,126007,568,316,43.4,55.5,55.33,5060.4,639.4,27.8,18.6,280016
570,570,0,1,0,1,1,1,15,0,0,155500,131173,568,316,43.4,55.5,57.6,5060.4,639.4,27.8,18.6,291495
571,571,0,1,1,1,1,1,15,0,0,161400,120652,568,316,43.4,55.5,52.98,5060.4,639.4,27.8,18.6,268116
572,572,1,1,0,0,1,1,15,0,0,130000,144628,568,476,49.8,55.6,66.15,4858.8,572.2,36.2,19.2,321395
573,573,1,1,1,0,1,1,15,0,0,135800,134107,568,476,49.8,55.6,61.34,4858.8,572.2,36.2,19.2,298016
574,574,1,1,0,1,1,1,15,0,0,167200,137653,568,476,49.8,55.6,62.96,4858.8,572.2,36.2,19.2,305895
575,575,1,1,1,1,1,1,15,0,0,173000,127132,568,476,49.8,55.6,58.15,4858.8,572.2,36.2,19.2,282516
576,576,0,0,0,0,0,0,15,1,0,126900,135850,568,820,39.4,74.9,59.26,5094.0,650.6,10.9,60.6,301889
577,577,0,0,1,0,0,0,15,1,0,132700,125254,568,820,39.4,74.9,54.64,5094.0,650.6,10.9,60.6,278342
578,578,0,0,0,1,0,0,15,1,0,154400,130676,568,820,39.4,74.9,57.01,5094.0,650.6,10.9,60.6,290391
579,579,0,0,1,1,0,0,15,1,0,160300,120080,568,820,39.4,74.9,52.38,5094.0,650.6,10.9,60.6,266844
580,580,1,0,0,0,0,0,15,1,0,129800,143950,568,980,41.4,74.7,65.38,4892.4,583.4,17.8,60.0,319889
581,581,1,0,1,0,0,0,15,1,0,135700,133354,568,980,41.4,74.7,60.57,4892.4,583.4,17.8,60.0,296342
582,582,1,0,0,1,0,0,15,1,0,166100,137156,568,980,41.4,74.7,62.3,4892.4,583.4,17.8,60.0,304791
583,583,1,0,1,1,0,0,15,1,0,172000,126560,568,980,41.4,74.7,57.49,4892.4,583.4,17.8,60.0,281244
584,584,0,1,0,0,0,0,15,1,0,127100,136660,568,836,39.1,60.3,60.01,5060.4,639.4,10.6,27.1,303689
585,585,0,1,1,0,0,0,15,1,0,132900,126064,568,836,39.1,60.3,55.36,5060.4,639.4,10.6,27.1,280142
586,586,0,1,0,1,0,0,15,1,0,155500,131324,568,836,39.1,60.3,57.67,5060.4,639.4,10.6,27.1,291831
587,587,0,1,1,1,0,0,15,1,0,161400,120728,568,836,39.1,60.3,53.02,5060.4,639.4,10.6,27.1,268284
588,588,1,1,0,0,0,0,15,1,0,130000,144760,568,996,41.6,61.6,66.21,4858.8,572.2,18.2,26.9,321689
589,589,1,1,1,0,0,0,15,1,0,135900,134164,568,996,41.6,61.6,61.36,4858.8,572.2,18.2,26.9,298142
590,590,1,1,0,1,0,0,15,1,0,167100,137804,568,996,41.6,61.6,63.03,4858.8,572.2,18.2,26.9,306231
591,591,1,1,1,1,0,0,15,1,0,173000,127208,568,996,41.6,61.6,58.18,4858.8,572.2,18.2,26.9,282684
592,592,0,0,0,0,0,1,15,1,0,125500,133568,568,820,37.7,74.7,58.27,5094.0,650.6,9.4,57.8,296817
593,593,0,0,1,0,0,1,15,1,0,130700,124276,568,820,37.7,74.7,54.21,5094.0,650.6,9.4,57.8,276169
594,594,0,0,0,1,0,1,15,1,0,154900,128068,568,820,37.7,74.7,55.87,5094.0,650.6,9.4,57.8,284595
595,595,0,0,1,1,0,1,15,1,0,160000,118776,568,820,37.7,74.7,51.82,5094.0,650.6,9.4,57.8,263946
596,596,1,0,0,0,0,1,15,1,0,128500,141668,568,980,39.3,74.0,64.35,4892.4,583.4,17.5,57.1,314817
597,597,1,0,1,0,0,1,15,1,0,133700,132376,568,980,39.3,74.0,60.13,4892.4,583.4,17.5,57.1,294169
598,598,1,0,0,1,0,1,15,1,0,166500,134548,568,980,39.3,74.0,61.11,4892.4,583.4,17.5,57.1,298995
599,599,1,0,1,1,0,1,15,1,0,171700,125256,568,980,39.3,74.0,56.89,4892.4,583.4,17.5,57.1,278346
600,600,0,1,0,0,0,1,15,1,0,125800,134378,568,836,36.6,57.4,59.01,5060.4,639.4,10.4,23.4,298617
601,601,0,1,1,0,0,1,15,1,0,130900,125086,568,836,36.6,57.4,54.93,5060.4,639.4,10.4,23.4,277969
602,602,0,1,0,1,0,1,15,1,0,156000,128716,568,836,36.6,57.4,56.52,5060.4,639.4,10.4,23.4,286035
603,603,0,1,1,1,0,1,15,1,0,161100,119424,568,836,36.6,57.4,52.44,5060.4,639.4,10.4,23.4,265386
604,604,1,1,0,0,0,1,15,1,0,128700,142478,568,996,39.7,57.8,65.16,4858.8,572.2,17.4,24.5,316617
605,605,1,1,1,0,0,1,15,1,0,133900,133186,568,996,39.7,57.8,60.91,4858.8,572.2,17.4,24.5,295969
606,606,1,1,0,1,0,1,15,1,0,167600,135196,568,996,39.7,57.8,61.83,4858.8,572.2,17.4,24.5,300435
607,607,1,1,1,1,0,1,15,1,0,172700,125904,568,996,39.7,57.8,57.58,4858.8,572.2,17.4,24.5,279786
608,608,0,0,0,0,1,0,15,1,0,125700,133786,568,820,34.8,73.5,58.36,5094.0,650.6,5.1,59.2,297303
609,609,0,0,1,0,1,0,15,1,0,130900,124369,568,820,34.8,73.5,54.26,5094.0,650.6,5.1,59.2,276376
610,610,0,0,0,1,1,0,15,1,0,154800,128318,568,820,34.8,73.5,55.98,5094.0,650.6,5.1,59.2,285150
611,611,0,0,1,1,1,0,15,1,0,160100,118901,568,820,34.8,73.5,51.87,5094.0,650.6,5.1,59.2,264224
612,612,1,0,0,0,1,0,15,1,0,128700,141886,568,980,37.7,72.9,64.45,4892.4,583.4,17.5,58.8,315303
613,613,1,0,1,0,1,0,15,1,0,133900,132469,568,980,37.7,72.9,60.17,4892.4,583.4,17.5,58.8,294376
614,614,1,0,0,1,1,0,15,1,0,166500,134798,568,980,37.7,72.9,61.23,4892.4,583.4,17.5,58.8,299550
615,615,1,0,1,1,1,0,15,1,0,171700,125381,568,980,37.7,72.9,56.95,4892.4,583.4,17.5,58.8,278624
616,616,0,1,0,0,1,0,15,1,0,125900,134596,568,836,34.6,59.0,59.11,5060.4,639.4,5.3,22.5,299103
617,617,0,1,1,0,1,0,15,1,0,131100,125179,568,836,34.6,59.0,54.97,5060.4,639.4,5.3,22.5,278176
618,618,0,1,0,1,1,0,15,1,0,155900,128966,568,836,34.6,59.0,56.63,5060.4,639.4,5.3,22.5,286590
619,619,0,1,1,1,1,0,15,1,0,161100,119549,568,836,34.6,59.0,52.5,5060.4,639.4,5.3,22.5,265664
620,620,1,1,0,0,1,0,15,1,0,128900,142696,568,996,38.1,60.0,65.26,4858.8,572.2,17.5,21.9,317103
621,621,1,1,1,0,1,0,15,1,0,134100,133279,568,996,38.1,60.0,60.96,4858.8,572.2,17.5,21.9,296176
622,622,1,1,0,1,1,0,15,1,0,167500,135446,568,996,38.1,60.0,61.95,4858.8,572.2,17.5,21.9,300990
623,623,1,1,1,1,1,0,15,1,0,172800,126029,568,996,38.1,60.0,57.64,4858.8,572.2,17.5,21.9,280064
624,624,0,0,0,0,1,1,15,1,0,124400,131504,568,820,32.7,72.4,57.37,5094.0,650.6,2.1,55.5,292231
625,625,0,0,1,0,1,1,15,1,0,128900,123391,568,820,32.7,72.4,53.83,5094.0,650.6,2.1,55.5,274203
626,626,0,0,0,1,1,1,15,1,0,155300,125709,568,820,32.7,72.4,54.84,5094.0,650.6,2.1,55.5,279354
627,627,0,0,1,1,1,1,15,1,0,159800,117597,568,820,32.7,72.4,51.3,5094.0,650.6,2.1,55.5,261326
628,628,1,0,0,0,1,1,15,1,0,127300,139604,568,980,35.8,72.8,63.41,4892.4,583.4,17.0,54.6,310231
629,629,1,0,1,0,1,1,15,1,0,131900,131491,568,980,35.8,72.8,59.73,4892.4,583.4,17.0,54.6,292203
630,630,1,0,0,1,1,1,15,1,0,166900,132189,568,980,35.8,72.8,60.04,4892.4,583.4,17.0,54.6,293754
631,631,1,0,1,1,1,1,15,1,0,171400,124077,568,980,35.8,72.8,56.36,4892.4,583.4,17.0,54.6,275726
632,632,0,1,0,0,1,1,15,1,0,124600,132314,568,836,32.3,56.2,58.1,5060.4,639.4,1.4,18.8,294031
633,633,0,1,1,0,1,1,15,1,0,129100,124201,568,836,32.3,56.2,54.54,5060.4,639.4,1.4,18.8,276003
634,634,0,1,0,1,1,1,15,1,0,156300,126357,568,836,32.3,56.2,55.49,5060.4,639.4,1.4,18.8,280794
635,635,0,1,1,1,1,1,15,1,0,160900,118245,568,836,32.3,56.2,51.93,5060.4,639.4,1.4,18.8,262766
636,636,1,1,0,0,1,1,15,1,0,127600,140414,568,996,34.8,55.7,64.22,4858.8,572.2,17.0,19.0,312031
637,637,1,1,1,0,1,1,15,1,0,132100,132301,568,996,34.8,55.7,60.51,4858.8,572.2,17.0,19.0,294003
638,638,1,1,0,1,1,1,15,1,0,168000,132837,568,996,34.8,55.7,60.75,4858.8,572.2,17.0,19.0,295194
639,639,1,1,1,1,1,1,15,1,0,172500,124725,568,996,34.8,55.7,57.04,4858.8,572.2,17.0,19.0,277166
640,640,0,0,0,0,0,0,15,0,1,129700,140846,568,348,46.5,74.9,61.44,5094.0,650.6,31.8,61.0,312990
641,641,0,0,1,0,0,0,15,0,1,137200,127395,568,348,46.5,74.9,55.58,5094.0,650.6,31.8,61.0,283100
642,642,0,0,0,1,0,0,15,0,1,153500,136386,568,348,46.5,74.9,59.5,5094.0,650.6,31.8,61.0,303079
643,643,0,0,1,1,0,0,15,0,1,161000,122935,568,348,46.5,74.9,53.63,5094.0,650.6,31.8,61.0,273188
644,644,1,0,0,0,0,0,15,0,1,132700,148946,568,508,53.1,75.0,67.65,4892.4,583.4,40.5,60.7,330990
645,645,1,0,1,0,0,0,15,0,1,140200,135495,568,508,53.1,75.0,61.54,4892.4,583.4,40.5,60.7,301100
646,646,1,0,0,1,0,0,15,0,1,165100,142866,568,508,53.1,75.0,64.89,4892.4,583.4,40.5,60.7,317479
647,647,1,0,1,1,0,0,15,0,1,172600,129415,568,508,53.1,75.0,58.78,4892.4,583.4,40.5,60.7,287588
648,648,0,1,0,0,0,0,15,0,1,129900,141656,568,364,46.2,48.7,62.21,5060.4,639.4,32.6,3.9,314790
649,649,0,1,1,0,0,0,15,0,1,137400,128205,568,364,46.2,48.7,56.3,5060.4,639.4,32.6,3.9,284900
650,650,0,1,0,1,0,0,15,0,1,154600,137034,568,364,46.2,48.7,60.18,5060.4,639.4,32.6,3.9,304519
651,651,0,1,1,1,0,0,15,0,1,162000,123583,568,364,46.2,48.7,54.27,5060.4,639.4,32.6,3.9,274628
652,652,1,1,0,0,0,0,15,0,1,132900,149756,568,524,52.3,48.5,68.49,4858.8,572.2,40.0,2.9,332790
653,653,1,1,1,0,0,0,15,0,1,140400,136305,568,524,52.3,48.5,62.34,4858.8,572.2,40.0,2.9,302900
654,654,1,1,0,1,0,0,15,0,1,166200,143514,568,524,52.3,48.5,65.64,4858.8,572.2,40.0,2.9,318919
655,655,1,1,1,1,0,0,15,0,1,173700,130063,568,524,52.3,48.5,59.49,4858.8,572.2,40.0,2.9,289028
656,656,0,0,0,0,0,1,15,0,1,128000,137919,568,348,47.3,73.5,60.17,5094.0,650.6,30.3,58.0,306486
657,657,0,0,1,0,0,1,15,0,1,134600,126140,568,348,47.3,73.5,55.03,5094.0,650.6,30.3,58.0,280312
658,658,0,0,0,1,0,1,15,0,1,154100,133040,568,348,47.3,73.5,58.04,5094.0,650.6,30.3,58.0,295645
659,659,0,0,1,1,0,1,15,0,1,160600,121262,568,348,47.3,73.5,52.9,5094.0,650.6,30.3,58.0,269471
660,660,1,0,0,0,0,1,15,0,1,131000,146019,568,508,52.5,73.6,66.32,4892.4,583.4,38.7,57.8,324486
661,661,1,0,1,0,0,1,15,0,1,137600,134240,568,508,52.5,73.6,60.97,4892.4,583.4,38.7,57.8,298312
662,662,1,0,0,1,0,1,15,0,1,165700,139520,568,508,52.5,73.6,63.37,4892.4,583.4,38.7,57.8,310045
663,663,1,0,1,1,0,1,15,0,1,172200,127742,568,508,52.5,73.6,58.02,4892.4,583.4,38.7,57.8,283871
664,664,0,1,0,0,0,1,15,0,1,128200,138729,568,364,47.4,42.1,60.92,5060.4,639.4,30.8,1.5,308286
665,665,0,1,1,0,0,1,15,0,1,134800,126950,568,364,47.4,42.1,55.75,5060.4,639.4,30.8,1.5,282112
666,666,0,1,0,1,0,1,15,0,1,155100,133688,568,364,47.4,42.1,58.71,5060.4,639.4,30.8,1.5,297085
667,667,0,1,1,1,0,1,15,0,1,161700,121910,568,364,47.4,42.1,53.54,5060.4,639.4,30.8,1.5,270911
668,668,1,1,0,0,0,1,15,0,1,131200,146829,568,524,52.7,42.5,67.15,4858.8,572.2,38.5,1.0,326286
669,669,1,1,1,0,0,1,15,0,1,137800,135050,568,524,52.7,42.5,61.77,4858.8,572.2,38.5,1.0,300112
670,670,1,1,0,1,0,1,15,0,1,166700,140168,568,524,52.7,42.5,64.11,4858.8,572.2,38.5,1.0,311485
671,671,1,1,1,1,0,1,15,0,1,173300,128390,568,524,52.7,42.5,58.72,4858.8,572.2,38.5,1.0,285311
672,672,0,0,0,0,1,0,15,0,1,128200,138256,568,348,43.7,74.0,60.31,5094.0,650.6,29.6,58.6,307235
673,673,0,0,1,0,1,0,15,0,1,134900,126285,568,348,43.7,74.0,55.09,5094.0,650.6,29.6,58.6,280633
674,674,0,0,0,1,1,0,15,0,1,154000,133425,568,348,43.7,74.0,58.21,5094.0,650.6,29.6,58.6,296501
675,675,0,0,1,1,1,0,15,0,1,160600,121455,568,348,43.7,74.0,52.98,5094.0,650.6,29.6,58.6,269900
676,676,1,0,0,0,1,0,15,0,1,131200,146356,568,508,49.9,72.8,66.48,4892.4,583.4,38.8,58.2,325235
677,677,1,0,1,0,1,0,15,0,1,137900,134385,568,508,49.9,72.8,61.04,4892.4,583.4,38.8,58.2,298633
678,678,1,0,0,1,1,0,15,0,1,165600,139905,568,508,49.9,72.8,63.55,4892.4,583.4,38.8,58.2,310901
679,679,1,0,1,1,1,0,15,0,1,172300,127935,568,508,49.9,72.8,58.11,4892.4,583.4,38.8,58.2,284300
680,680,0,1,0,0,1,0,15,0,1,128400,139066,568,364,44.2,39.3,61.07,5060.4,639.4,29.9,1.2,309035
681,681,0,1,1,0,1,0,15,0,1,135100,127095,568,364,44.2,39.3,55.81,5060.4,639.4,29.9,1.2,282433
682,682,0,1,0,1,1,0,15,0,1,155100,134073,568,364,44.2,39.3,58.88,5060.4,639.4,29.9,1.2,297941
683,683,0,1,1,1,1,0,15,0,1,161700,122103,568,364,44.2,39.3,53.62,5060.4,639.4,29.9,1.2,271340
684,684,1,1,0,0,1,0,15,0,1,131400,147166,568,524,50.3,42.6,67.31,4858.8,572.2,38.9,1.5,327035
685,685,1,1,1,0,1,0,15,0,1,138100,135195,568,524,50.3,42.6,61.83,4858.8,572.2,38.9,1.5,300433
686,686,1,1,0,1,1,0,15,0,1,166700,140553,568,524,50.3,42.6,64.28,4858.8,572.2,38.9,1.5,312341
687,687,1,1,1,1,1,0,15,0,1,173300,128583,568,524,50.3,42.6,58.81,4858.8,572.2,38.9,1.5,285740
688,688,0,0,0,0,1,1,15,0,1,126600,135329,568,348,43.6,71.5,59.04,5094.0,650.6,28.0,55.4,300731
689,689,0,0,1,0,1,1,15,0,1,132300,125031,568,348,43.6,71.5,54.54,5094.0,650.6,28.0,55.4,277846
690,690,0,0,0,1,1,1,15,0,1,154500,130080,568,348,43.6,71.5,56.75,5094.0,650.6,28.0,55.4,289067
691,691,0,0,1,1,1,1,15,0,1,160300,119782,568,348,43.6,71.5,52.25,5094.0,650.6,28.0,55.4,266183
692,692,1,0,0,0,1,1,15,0,1,129500,143429,568,508,49.4,72.0,65.15,4892.4,583.4,36.0,55.4,318731
693,693,1,0,1,0,1,1,15,0,1,135300,133131,568,508,49.4,72.0,60.47,4892.4,583.4,36.0,55.4,295846
694,694,1,0,0,1,1,1,15,0,1,166200,136560,568,508,49.4,72.0,62.03,4892.4,583.4,36.0,55.4,303467
695,695,1,0,1,1,1,1,15,0,1,171900,126262,568,508,49.4,72.0,57.35,4892.4,583.4,36.0,55.4,280583
696,696,0,1,0,0,1,1,15,0,1,126800,136139,568,364,43.4,34.0,59.78,5060.4,639.4,28.3,0.4,302531
697,697,0,1,1,0,1,1,15,0,1,132500,125841,568,364,43.4,34.0,55.26,5060.4,639.4,28.3,0.4,279646
698,698,0,1,0,1,1,1,15,0,1,155600,130728,568,364,43.4,34.0,57.41,5060.4,639.4,28.3,0.4,290507
699,699,0,1,1,1,1,1,15,0,1,161300,120430,568,364,43.4,34.0,52.89,5060.4,639.4,28.3,0.4,267623
700,700,1,1,0,0,1,1,15,0,1,129700,144239,568,524,49.4,34.7,65.97,4858.8,572.2,36.2,0.5,320531
701,701,1,1,1,0,1,1,15,0,1,135500,133941,568,524,49.4,34.7,61.26,4858.8,572.2,36.2,0.5,297646
702,702,1,1,0,1,1,1,15,0,1,167200,137208,568,524,49.4,34.7,62.75,4858.8,572.2,36.2,0.5,304907
703,703,1,1,1,1,1,1,15,0,1,173000,126910,568,524,49.4,34.7,58.04,4858.8,572.2,36.2,0.5,282023
704,704,0,0,0,0,0,0,15,1,1,126600,135342,568,868,39.2,74.9,59.04,5094.0,650.6,12.1,61.0,300760
705,705,0,0,1,0,0,0,15,1,1,132300,125036,568,868,39.2,74.9,54.55,5094.0,650.6,12.1,61.0,277858
706,706,0,0,0,1,0,0,15,1,1,154500,130095,568,868,39.2,74.9,56.75,5094.0,650.6,12.1,61.0,289101
707,707,0,0,1,1,0,0,15,1,1,160300,119790,568,868,39.2,74.9,52.26,5094.0,650.6,12.1,61.0,266199
708,708,1,0,0,0,0,0,15,1,1,129500,143442,568,1028,41.1,74.7,65.15,4892.4,583.4,17.8,60.8,318760
709,709,1,0,1,0,0,0,15,1,1,135300,133136,568,1028,41.1,74.7,60.47,4892.4,583.4,17.8,60.8,295858
710,710,1,0,0,1,0,0,15,1,1,166200,136575,568,1028,41.1,74.7,62.04,4892.4,583.4,17.8,60.8,303501
711,711,1,0,1,1,0,0,15,1,1,171900,126270,568,1028,41.1,74.7,57.35,4892.4,583.4,17.8,60.8,280599
712,712,0,1,0,0,0,0,15,1,1,126800,136152,568,884,38.8,47.9,59.79,5060.4,639.4,11.4,4.3,302560
713,713,0,1,1,0,0,0,15,1,1,132500,125846,568,884,38.8,47.9,55.26,5060.4,639.4,11.4,4.3,279658
714,714,0,1,0,1,0,0,15,1,1,155600,130743,568,884,38.8,47.9,57.41,5060.4,639.4,11.4,4.3,290541
715,715,0,1,1,1,0,0,15,1,1,161300,120438,568,884,38.8,47.9,52.89,5060.4,639.4,11.4,4.3,267639
716,716,1,1,0,0,0,0,15,1,1,129700,144252,568,1044,41.3,47.6,65.98,4858.8,572.2,17.7,2.8,320560
717,717,1,1,1,0,0,0,15,1,1,135500,133946,568,1044,41.3,47.6,61.26,4858.8,572.2,17.7,2.8,297658
718,718,1,1,0,1,0,0,15,1,1,167200,137223,568,1044,41.3,47.6,62.76,4858.8,572.2,17.7,2.8,304941
719,719,1,1,1,1,0,0,15,1,1,173000,126918,568,1044,41.3,47.6,58.05,4858.8,572.2,17.7,2.8,282039
720,720,0,0,0,0,0,1,15,1,1,125300,133110,568,868,37.8,74.2,58.07,5094.0,650.6,9.2,58.4,295799
721,721,0,0,1,0,0,1,15,1,1,130300,124079,568,868,37.8,74.2,54.13,5094.0,650.6,9.2,58.4,275732
722,722,0,0,0,1,0,1,15,1,1,155000,127544,568,868,37.8,74.2,55.64,5094.0,650.6,9.2,58.4,283431
723,723,0,0,1,1,0,1,15,1,1,160000,118514,568,868,37.8,74.2,51.7,5094.0,650.6,9.2,58.4,263364
724,724,1,0,0,0,0,1,15,1,1,128300,141210,568,1028,40.3,74.1,64.14,4892.4,583.4,17.5,57.5,313799
725,725,1,0,1,0,0,1,15,1,1,133300,132179,568,1028,40.3,74.1,60.04,4892.4,583.4,17.5,57.5,293732
726,726,1,0,0,1,0,1,15,1,1,166600,134024,568,1028,40.3,74.1,60.88,4892.4,583.4,17.5,57.5,297831
727,727,1,0,1,1,0,1,15,1,1,171600,124994,568,1028,40.3,74.1,56.77,4892.4,583.4,17.5,57.5,277764
728,728,0,1,0,0,0,1,15,1,1,125500,133920,568,884,37.2,41.9,58.81,5060.4,639.4,10.0,0.9,297599
729,729,0,1,1,0,0,1,15,1,1,130500,124889,568,884,37.2,41.9,54.84,5060.4,639.4,10.0,0.9,277532
730,730,0,1,0,1,0,1,15,1,1,156000,128192,568,884,37.2,41.9,56.29,5060.4,639.4,10.0,0.9,284871
731,731,0,1,1,1,0,1,15,1,1,161100,119162,568,884,37.2,41.9,52.33,5060.4,639.4,10.0,0.9,264804
732,732,1,1,0,0,0,1,15,1,1,128500,142020,568,1044,38.4,41.6,64.95,4858.8,572.2,17.5,0.9,315599
733,733,1,1,1,0,0,1,15,1,1,133500,132989,568,1044,38.4,41.6,60.82,4858.8,572.2,17.5,0.9,295532
734,734,1,1,0,1,0,1,15,1,1,167700,134672,568,1044,38.4,41.6,61.59,4858.8,572.2,17.5,0.9,299271
735,735,1,1,1,1,0,1,15,1,1,172700,125642,568,1044,38.4,41.6,57.46,4858.8,572.2,17.5,0.9,279204
736,736,0,0,0,0,1,0,15,1,1,125400,133348,568,868,34.5,72.8,58.17,5094.0,650.6,5.1,58.4,296328
737,737,0,0,1,0,1,0,15,1,1,130500,124182,568,868,34.5,72.8,54.17,5094.0,650.6,5.1,58.4,275959
738,738,0,0,0,1,1,0,15,1,1,154900,127816,568,868,34.5,72.8,55.76,5094.0,650.6,5.1,58.4,284036
739,739,0,0,1,1,1,0,15,1,1,160000,118650,568,868,34.5,72.8,51.76,5094.0,650.6,5.1,58.4,263667
740,740,1,0,0,0,1,0,15,1,1,128400,141448,568,1028,38.2,72.4,64.25,4892.4,583.4,17.3,58.4,314328
741,741,1,0,1,0,1,0,15,1,1,133500,132282,568,1028,38.2,72.4,60.08,4892.4,583.4,17.3,58.4,293959
742,742,1,0,0,1,1,0,15,1,1,166500,134296,568,1028,38.2,72.4,61.0,4892.4,583.4,17.3,58.4,298436
743,743,1,0,1,1,1,0,15,1,1,171600,125130,568,1028,38.2,72.4,56.84,4892.4,583.4,17.3,58.4,278067
744,744,0,1,0,0,1,0,15,1,1,125600,134158,568,884,34.6,42.7,58.91,5060.4,639.4,3.7,1.6,298128
745,745,0,1,1,0,1,0,15,1,1,130700,124992,568,884,34.6,42.7,54.89,5060.4,639.4,3.7,1.6,277759
746,746,0,1,0,1,1,0,15,1,1,156000,128464,568,884,34.6,42.7,56.41,5060.4,639.4,3.7,1.6,285476
747,747,0,1,1,1,1,0,15,1,1,161100,119298,568,884,34.6,42.7,52.39,5060.4,639.4,3.7,1.6,265107
748,748,1,1,0,0,1,0,15,1,1,128600,142258,568,1044,38.3,42.3,65.06,4858.8,572.2,17.3,1.7,316128
749,749,1,1,1,0,1,0,15,1,1,133700,133092,568,1044,38.3,42.3,60.87,4858.8,572.2,17.3,1.7,295759
750,750,1,1,0,1,1,0,15,1,1,167600,134944,568,1044,38.3,42.3,61.72,4858.8,572.2,17.3,1.7,299876
751,751,1,1,1,1,1,0,15,1,1,172700,125778,568,1044,38.3,42.3,57.53,4858.8,572.2,17.3,1.7,279507
752,752,0,0,0,0,1,1,15,1,1,124100,131115,568,868,33.1,71.9,57.2,5094.0,650.6,1.7,55.2,291367
753,753,0,0,1,0,1,1,15,1,1,128500,123225,568,868,33.1,71.9,53.76,5094.0,650.6,1.7,55.2,273833
754,754,0,0,0,1,1,1,15,1,1,155400,125265,568,868,33.1,71.9,54.65,5094.0,650.6,1.7,55.2,278366
755,755,0,0,1,1,1,1,15,1,1,159700,117374,568,868,33.1,71.9,51.2,5094.0,650.6,1.7,55.2,260832
756,756,1,0,0,0,1,1,15,1,1,127100,139215,568,1028,34.5,71.4,63.23,4892.4,583.4,17.2,55.1,309367
757,757,1,0,1,0,1,1,15,1,1,131500,131325,568,1028,34.5,71.4,59.65,4892.4,583.4,17.2,55.1,291833
758,758,1,0,0,1,1,1,15,1,1,167000,131745,568,1028,34.5,71.4,59.84,4892.4,583.4,17.2,55.1,292766
759,759,1,0,1,1,1,1,15,1,1,171300,123854,568,1028,34.5,71.4,56.26,4892.4,583.4,17.2,55.1,275232
760,760,0,1,0,0,1,1,15,1,1,124400,131925,568,884,32.4,31.2,57.93,5060.4,639.4,2.0,0.4,293167
761,761,0,1,1,0,1,1,15,1,1,128700,124035,568,884,32.4,31.2,54.47,5060.4,639.4,2.0,0.4,275633
762,762,0,1,0,1,1,1,15,1,1,156400,125913,568,884,32.4,31.2,55.29,5060.4,639.4,2.0,0.4,279806
763,763,0,1,1,1,1,1,15,1,1,160800,118022,568,884,32.4,31.2,51.83,5060.4,639.4,2.0,0.4,262272
764,764,1,1,0,0,1,1,15,1,1,127300,140025,568,1044,34.5,31.5,64.04,4858.8,572.2,17.6,0.5,311167
765,765,1,1,1,0,1,1,15,1,1,131700,132135,568,1044,34.5,31.5,60.43,4858.8,572.2,17.6,0.5,293633
766,766,1,1,0,1,1,1,15,1,1,168000,132393,568,1044,34.5,31.5,60.55,4858.8,572.2,17.6,0.5,294206
767,767,1,1,1,1,1,1,15,1,1,172400,124502,568,1044,34.5,31.5,56.94,4858.8,572.2,17.6,0.5,276672
