,in:Layout_B,in:Layout_C,in:Length,in:Size_3room,in:Size_Studio,in:Type_Gallery,in:Width,out:AptCount,out:AptSize,out:Efficiency
0,0,0,200,0,1,0,535,3,62.23,71.81
1,1,0,200,0,1,0,535,3,62.23,71.81
2,0,1,200,0,1,0,535,3,62.23,71.81
3,0,0,200,0,0,0,535,3,62.23,71.81
4,1,0,200,0,0,0,535,3,62.23,71.81
5,0,1,200,0,0,0,535,3,62.23,71.81
6,0,0,200,1,0,0,535,2,93.35,71.81
7,1,0,200,1,0,0,535,2,93.35,71.81
8,0,1,200,1,0,0,535,2,93.35,71.81
9,0,0,200,0,1,0,585,3,67.74,72.58
10,1,0,200,0,1,0,585,3,67.74,72.58
11,0,1,200,0,1,0,585,3,67.74,72.58
12,0,0,200,0,0,0,585,3,67.74,72.58
13,1,0,200,0,0,0,585,3,67.74,72.58
14,0,1,200,0,0,0,585,3,67.74,72.58
15,0,0,200,1,0,0,585,2,101.61,72.58
16,1,0,200,1,0,0,585,2,101.61,72.58
17,0,1,200,1,0,0,585,2,101.61,72.58
18,0,0,200,0,1,0,635,5,46.26,77.1
19,1,0,200,0,1,0,635,5,46.26,77.1
20,0,1,200,0,1,0,635,5,46.26,77.1
21,0,0,200,0,0,0,635,3,77.1,77.1
22,1,0,200,0,0,0,635,3,77.1,77.1
23,0,1,200,0,0,0,635,3,77.1,77.1
24,0,0,200,1,0,0,635,2,115.65,77.1
25,1,0,200,1,0,0,635,2,115.65,77.1
26,0,1,200,1,0,0,635,2,115.65,77.1
27,0,0,200,0,1,0,685,5,49.74,77.72
28,1,0,200,0,1,0,685,5,49.74,77.72
29,0,1,200,0,1,0,685,5,49.74,77.72
30,0,0,200,0,0,0,685,4,62.17,77.72
31,1,0,200,0,0,0,685,4,62.17,77.72
32,0,1,200,0,0,0,685,4,62.17,77.72
33,0,0,200,1,0,0,685,2,124.35,77.72
34,1,0,200,1,0,0,685,2,124.35,77.72
35,0,1,200,1,0,0,685,2,124.35,77.72
36,0,0,200,0,1,0,735,5,53.22,78.26
37,1,0,200,0,1,0,735,5,53.22,78.26
38,0,1,200,0,1,0,735,5,53.22,78.26
39,0,0,200,0,0,0,735,4,66.52,78.26
40,1,0,200,0,0,0,735,4,66.52,78.26
41,0,1,200,0,0,0,735,4,66.52,78.26
42,0,0,200,1,0,0,735,3,88.7,78.26
43,1,0,200,1,0,0,735,3,88.7,78.26
44,0,1,200,1,0,0,735,3,88.7,78.26
45,0,0,225,0,1,0,535,5,42.71,73.02
46,1,0,225,0,1,0,535,5,42.71,73.02
47,0,1,225,0,1,0,535,5,42.71,73.02
48,0,0,225,0,0,0,535,3,71.19,73.02
49,1,0,225,0,0,0,535,3,71.19,73.02
50,0,1,225,0,0,0,535,3,71.19,73.02
51,0,0,225,1,0,0,535,2,106.78,73.02
52,1,0,225,1,0,0,535,2,106.78,73.02
53,0,1,225,1,0,0,535,2,106.78,73.02
54,0,0,225,0,1,0,585,5,46.49,73.8
55,1,0,225,0,1,0,585,5,46.49,73.8
56,0,1,225,0,1,0,585,5,46.49,73.8
57,0,0,225,0,0,0,585,3,77.49,73.8
58,1,0,225,0,0,0,585,3,77.49,73.8
59,0,1,225,0,0,0,585,3,77.49,73.8
60,0,0,225,1,0,0,585,2,116.23,73.8
61,1,0,225,1,0,0,585,2,116.23,73.8
62,0,1,225,1,0,0,585,2,116.23,73.8
63,0,0,225,0,1,0,635,5,52.67,78.03
64,1,0,225,0,1,0,635,5,52.67,78.03
65,0,1,225,0,1,0,635,5,52.67,78.03
66,0,0,225,0,0,0,635,4,65.84,78.03
67,1,0,225,0,0,0,635,4,65.84,78.03
68,0,1,225,0,0,0,635,4,65.84,78.03
69,0,0,225,1,0,0,635,3,87.78,78.03
70,1,0,225,1,0,0,635,3,87.78,78.03
71,0,1,225,1,0,0,635,3,87.78,78.03
72,0,0,225,0,1,0,685,6,47.19,78.65
73,1,0,225,0,1,0,685,6,47.19,78.65
74,0,1,225,0,1,0,685,6,47.19,78.65
75,0,0,225,0,0,0,685,5,56.63,78.65
76,1,0,225,0,0,0,685,5,56.63,78.65
77,0,1,225,0,0,0,685,5,56.63,78.65
78,0,0,225,1,0,0,685,3,94.38,78.65
79,1,0,225,1,0,0,685,3,94.38,78.65
80,0,1,225,1,0,0,685,3,94.38,78.65
81,0,0,225,0,1,0,735,6,50.49,79.2
82,1,0,225,0,1,0,735,6,50.49,79.2
83,0,1,225,0,1,0,735,6,50.49,79.2
84,0,0,225,0,0,0,735,5,60.59,79.2
85,1,0,225,0,0,0,735,5,60.59,79.2
86,0,1,225,0,0,0,735,5,60.59,79.2
87,0,0,225,1,0,0,735,3,100.98,79.2
88,1,0,225,1,0,0,735,3,100.98,79.2
89,0,1,225,1,0,0,735,3,100.98,79.2
90,0,0,250,0,1,0,535,5,48.43,74.51
91,1,0,250,0,1,0,535,5,48.43,74.51
92,0,1,250,0,1,0,535,5,48.43,74.51
93,0,0,250,0,0,0,535,4,60.54,74.51
94,1,0,250,0,0,0,535,4,60.54,74.51
95,0,1,250,0,0,0,535,4,60.54,74.51
96,0,0,250,1,0,0,535,3,80.71,74.51
97,1,0,250,1,0,0,535,3,80.71,74.51
98,0,1,250,1,0,0,535,3,80.71,74.51
99,0,0,250,0,1,0,585,6,43.93,75.31
100,1,0,250,0,1,0,585,6,43.93,75.31
101,0,1,250,0,1,0,585,6,43.93,75.31
102,0,0,250,0,0,0,585,5,52.71,75.31
103,1,0,250,0,0,0,585,5,52.71,75.31
104,0,1,250,0,0,0,585,5,52.71,75.31
105,0,0,250,1,0,0,585,3,87.86,75.31
106,1,0,250,1,0,0,585,3,87.86,75.31
107,0,1,250,1,0,0,585,3,87.86,75.31
108,0,0,250,0,1,0,635,6,49.48,79.17
109,1,0,250,0,1,0,635,6,49.48,79.17
110,0,1,250,0,1,0,635,6,49.48,79.17
111,0,0,250,0,0,0,635,5,59.37,79.17
112,1,0,250,0,0,0,635,5,59.37,79.17
113,0,1,250,0,0,0,635,5,59.37,79.17
114,0,0,250,1,0,0,635,3,98.96,79.17
115,1,0,250,1,0,0,635,3,98.96,79.17
116,0,1,250,1,0,0,635,3,98.96,79.17
117,0,0,250,0,1,0,685,7,45.6,79.8
118,1,0,250,0,1,0,685,7,45.6,79.8
119,0,1,250,0,1,0,685,7,45.6,79.8
120,0,0,250,0,0,0,685,5,63.84,79.8
121,1,0,250,0,0,0,685,5,63.84,79.8
122,0,1,250,0,0,0,685,5,63.84,79.8
123,0,0,250,1,0,0,685,4,79.8,79.8
124,1,0,250,1,0,0,685,4,79.8,79.8
125,0,1,250,1,0,0,685,4,79.8,79.8
126,0,0,250,0,1,0,735,7,48.79,80.36
127,1,0,250,0,1,0,735,7,48.79,80.36
128,0,1,250,0,1,0,735,7,48.79,80.36
129,0,0,250,0,0,0,735,5,68.3,80.36
130,1,0,250,0,0,0,735,5,68.3,80.36
131,0,1,250,0,0,0,735,5,68.3,80.36
132,0,0,250,1,0,0,735,4,85.38,80.36
133,1,0,250,1,0,0,735,4,85.38,80.36
134,0,1,250,1,0,0,735,4,85.38,80.36
135,0,0,275,0,1,0,535,5,54.13,75.71
136,1,0,275,0,1,0,535,5,54.13,75.71
137,0,1,275,0,1,0,535,5,54.13,75.71
138,0,0,275,0,0,0,535,5,54.13,75.71
139,1,0,275,0,0,0,535,5,54.13,75.71
140,0,1,275,0,0,0,535,5,54.13,75.71
141,0,0,275,1,0,0,535,3,90.22,75.71
142,1,0,275,1,0,0,535,3,90.22,75.71
143,0,1,275,1,0,0,535,3,90.22,75.71
144,0,0,275,0,1,0,585,6,49.1,76.52
145,1,0,275,0,1,0,585,6,49.1,76.52
146,0,1,275,0,1,0,585,6,49.1,76.52
147,0,0,275,0,0,0,585,5,58.92,76.52
148,1,0,275,0,0,0,585,5,58.92,76.52
149,0,1,275,0,0,0,585,5,58.92,76.52
150,0,0,275,1,0,0,585,3,98.2,76.52
151,1,0,275,1,0,0,585,3,98.2,76.52
152,0,1,275,1,0,0,585,3,98.2,76.52
153,0,0,275,0,1,0,635,7,47.19,80.09
154,1,0,275,0,1,0,635,7,47.19,80.09
155,0,1,275,0,1,0,635,7,47.19,80.09
156,0,0,275,0,0,0,635,5,66.07,80.09
157,1,0,275,0,0,0,635,5,66.07,80.09
158,0,1,275,0,0,0,635,5,66.07,80.09
159,0,0,275,1,0,0,635,4,82.59,80.09
160,1,0,275,1,0,0,635,4,82.59,80.09
161,0,1,275,1,0,0,635,4,82.59,80.09
162,0,0,275,0,1,0,685,7,50.74,80.73
163,1,0,275,0,1,0,685,7,50.74,80.73
164,0,1,275,0,1,0,685,7,50.74,80.73
165,0,0,275,0,0,0,685,6,59.2,80.73
166,1,0,275,0,0,0,685,6,59.2,80.73
167,0,1,275,0,0,0,685,6,59.2,80.73
168,0,0,275,1,0,0,685,4,88.8,80.73
169,1,0,275,1,0,0,685,4,88.8,80.73
170,0,1,275,1,0,0,685,4,88.8,80.73
171,0,0,275,0,1,0,735,8,47.5,81.29
172,1,0,275,0,1,0,735,8,47.5,81.29
173,0,1,275,0,1,0,735,8,47.5,81.29
174,0,0,275,0,0,0,735,6,63.34,81.29
175,1,0,275,0,0,0,735,6,63.34,81.29
176,0,1,275,0,0,0,735,6,63.34,81.29
177,0,0,275,1,0,0,735,4,95.01,81.29
178,1,0,275,1,0,0,735,4,95.01,81.29
179,0,1,275,1,0,0,735,4,95.01,81.29
180,0,0,300,0,1,0,535,6,49.85,76.7
181,1,0,300,0,1,0,535,6,49.85,76.7
182,0,1,300,0,1,0,535,6,49.85,76.7
183,0,0,300,0,0,0,535,5,59.82,76.7
184,1,0,300,0,0,0,535,5,59.82,76.7
185,0,1,300,0,0,0,535,5,59.82,76.7
186,0,0,300,1,0,0,535,3,99.71,76.7
187,1,0,300,1,0,0,535,3,99.71,76.7
188,0,1,300,1,0,0,535,3,99.71,76.7
189,0,0,300,0,1,0,585,7,46.51,77.52
190,1,0,300,0,1,0,585,7,46.51,77.52
191,0,1,300,0,1,0,585,7,46.51,77.52
192,0,0,300,0,0,0,585,5,65.12,77.52
193,1,0,300,0,0,0,585,5,65.12,77.52
194,0,1,300,0,0,0,585,5,65.12,77.52
195,0,0,300,1,0,0,585,4,81.4,77.52
196,1,0,300,1,0,0,585,4,81.4,77.52
197,0,1,300,1,0,0,585,4,81.4,77.52
198,0,0,300,0,1,0,635,7,51.97,80.84
199,1,0,300,0,1,0,635,7,51.97,80.84
200,0,1,300,0,1,0,635,7,51.97,80.84
201,0,0,300,0,0,0,635,6,60.63,80.84
202,1,0,300,0,0,0,635,6,60.63,80.84
203,0,1,300,0,0,0,635,6,60.63,80.84
204,0,0,300,1,0,0,635,4,90.95,80.84
205,1,0,300,1,0,0,635,4,90.95,80.84
206,0,1,300,1,0,0,635,4,90.95,80.84
207,0,0,300,0,1,0,685,8,48.89,81.49
208,1,0,300,0,1,0,685,8,48.89,81.49
209,0,1,300,0,1,0,685,8,48.89,81.49
210,0,0,300,0,0,0,685,7,55.88,81.49
211,1,0,300,0,0,0,685,7,55.88,81.49
212,0,1,300,0,0,0,685,7,55.88,81.49
213,0,0,300,1,0,0,685,5,78.23,81.49
214,1,0,300,1,0,0,685,5,78.23,81.49
215,0,1,300,1,0,0,685,5,78.23,81.49
216,0,0,300,0,1,0,735,8,52.31,82.06
217,1,0,300,0,1,0,735,8,52.31,82.06
218,0,1,300,0,1,0,735,8,52.31,82.06
219,0,0,300,0,0,0,735,7,59.79,82.06
220,1,0,300,0,0,0,735,7,59.79,82.06
221,0,1,300,0,0,0,735,7,59.79,82.06
222,0,0,300,1,0,0,735,5,83.7,82.06
223,1,0,300,1,0,0,735,5,83.7,82.06
224,0,1,300,1,0,0,735,5,83.7,82.06
225,0,0,200,0,1,1,535,1,71.74,51.24
226,1,0,200,0,1,1,535,1,71.74,51.24
227,0,1,200,0,1,1,535,1,71.74,51.24
228,0,0,200,0,0,1,535,1,71.74,51.24
229,1,0,200,0,0,1,535,1,71.74,51.24
230,0,1,200,0,0,1,535,1,71.74,51.24
231,0,0,200,1,0,1,535,1,71.74,51.24
232,1,0,200,1,0,1,535,1,71.74,51.24
233,0,1,200,1,0,1,535,1,71.74,51.24
234,0,0,200,0,1,1,585,1,78.26,52.17
235,1,0,200,0,1,1,585,1,78.26,52.17
236,0,1,200,0,1,1,585,1,78.26,52.17
237,0,0,200,0,0,1,585,1,78.26,52.17
238,1,0,200,0,0,1,585,1,78.26,52.17
239,0,1,200,0,0,1,585,1,78.26,52.17
240,0,0,200,1,0,1,585,1,78.26,52.17
241,1,0,200,1,0,1,585,1,78.26,52.17
242,0,1,200,1,0,1,585,1,78.26,52.17
243,0,0,200,0,1,1,635,2,42.39,52.99
244,1,0,200,0,1,1,635,2,42.39,52.99
245,0,1,200,0,1,1,635,2,42.39,52.99
246,0,0,200,0,0,1,635,1,84.78,52.99
247,1,0,200,0,0,1,635,1,84.78,52.99
248,0,1,200,0,0,1,635,1,84.78,52.99
249,0,0,200,1,0,1,635,1,84.78,52.99
250,1,0,200,1,0,1,635,1,84.78,52.99
251,0,1,200,1,0,1,635,1,84.78,52.99
252,0,0,200,0,1,1,685,2,51.74,60.87
253,1,0,200,0,1,1,685,2,51.74,60.87
254,0,1,200,0,1,1,685,2,51.74,60.87
255,0,0,200,0,0,1,685,2,51.74,60.87
256,1,0,200,0,0,1,685,2,51.74,60.87
257,0,1,200,0,0,1,685,2,51.74,60.87
258,0,0,200,1,0,1,685,1,103.48,60.87
259,1,0,200,1,0,1,685,1,103.48,60.87
260,0,1,200,1,0,1,685,1,103.48,60.87
261,0,0,200,0,1,1,735,2,55.43,61.59
262,1,0,200,0,1,1,735,2,55.43,61.59
263,0,1,200,0,1,1,735,2,55.43,61.59
264,0,0,200,0,0,1,735,2,55.43,61.59
265,1,0,200,0,0,1,735,2,55.43,61.59
266,0,1,200,0,0,1,735,2,55.43,61.59
267,0,0,200,1,0,1,735,1,110.87,61.59
268,1,0,200,1,0,1,735,1,110.87,61.59
269,0,1,200,1,0,1,735,1,110.87,61.59
270,0,0,225,0,1,1,535,2,42.08,53.43
271,1,0,225,0,1,1,535,2,42.08,53.43
272,0,1,225,0,1,1,535,2,42.08,53.43
273,0,0,225,0,0,1,535,1,84.15,53.43
274,1,0,225,0,0,1,535,1,84.15,53.43
275,0,1,225,0,0,1,535,1,84.15,53.43
276,0,0,225,1,0,1,535,1,84.15,53.43
277,1,0,225,1,0,1,535,1,84.15,53.43
278,0,1,225,1,0,1,535,1,84.15,53.43
279,0,0,225,0,1,1,585,2,45.9,54.4
280,1,0,225,0,1,1,585,2,45.9,54.4
281,0,1,225,0,1,1,585,2,45.9,54.4
282,0,0,225,0,0,1,585,1,91.8,54.4
283,1,0,225,0,0,1,585,1,91.8,54.4
284,0,1,225,0,0,1,585,1,91.8,54.4
285,0,0,225,1,0,1,585,1,91.8,54.4
286,1,0,225,1,0,1,585,1,91.8,54.4
287,0,1,225,1,0,1,585,1,91.8,54.4
288,0,0,225,0,1,1,635,2,55.58,61.75
289,1,0,225,0,1,1,635,2,55.58,61.75
290,0,1,225,0,1,1,635,2,55.58,61.75
291,0,0,225,0,0,1,635,2,55.58,61.75
292,1,0,225,0,0,1,635,2,55.58,61.75
293,0,1,225,0,0,1,635,2,55.58,61.75
294,0,0,225,1,0,1,635,1,111.15,61.75
295,1,0,225,1,0,1,635,1,111.15,61.75
296,0,1,225,1,0,1,635,1,111.15,61.75
297,0,0,225,0,1,1,685,2,59.85,62.59
298,1,0,225,0,1,1,685,2,59.85,62.59
299,0,1,225,0,1,1,685,2,59.85,62.59
300,0,0,225,0,0,1,685,2,59.85,62.59
301,1,0,225,0,0,1,685,2,59.85,62.59
302,0,1,225,0,0,1,685,2,59.85,62.59
303,0,0,225,1,0,1,685,1,119.7,62.59
304,1,0,225,1,0,1,685,1,119.7,62.59
305,0,1,225,1,0,1,685,1,119.7,62.59
306,0,0,225,0,1,1,735,3,42.75,63.33
307,1,0,225,0,1,1,735,3,42.75,63.33
308,0,1,225,0,1,1,735,3,42.75,63.33
309,0,0,225,0,0,1,735,2,64.13,63.33
310,1,0,225,0,0,1,735,2,64.13,63.33
311,0,1,225,0,0,1,735,2,64.13,63.33
312,0,0,225,1,0,1,735,1,128.25,63.33
313,1,0,225,1,0,1,735,1,128.25,63.33
314,0,1,225,1,0,1,735,1,128.25,63.33
315,0,0,250,0,1,1,535,2,49.11,56.12
316,1,0,250,0,1,1,535,2,49.11,56.12
317,0,1,250,0,1,1,535,2,49.11,56.12
318,0,0,250,0,0,1,535,2,49.11,56.12
319,1,0,250,0,0,1,535,2,49.11,56.12
320,0,1,250,0,0,1,535,2,49.11,56.12
321,0,0,250,1,0,1,535,1,98.21,56.12
322,1,0,250,1,0,1,535,1,98.21,56.12
323,0,1,250,1,0,1,535,1,98.21,56.12
324,0,0,250,0,1,1,585,2,53.57,57.14
325,1,0,250,0,1,1,585,2,53.57,57.14
326,0,1,250,0,1,1,585,2,53.57,57.14
327,0,0,250,0,0,1,585,2,53.57,57.14
328,1,0,250,0,0,1,585,2,53.57,57.14
329,0,1,250,0,0,1,585,2,53.57,57.14
330,0,0,250,1,0,1,585,1,107.14,57.14
331,1,0,250,1,0,1,585,1,107.14,57.14
332,0,1,250,1,0,1,585,1,107.14,57.14
333,0,0,250,0,1,1,635,3,42.56,63.84
334,1,0,250,0,1,1,635,3,42.56,63.84
335,0,1,250,0,1,1,635,3,42.56,63.84
336,0,0,250,0,0,1,635,2,63.84,63.84
337,1,0,250,0,0,1,635,2,63.84,63.84
338,0,1,250,0,0,1,635,2,63.84,63.84
339,0,0,250,1,0,1,635,1,127.68,63.84
340,1,0,250,1,0,1,635,1,127.68,63.84
341,0,1,250,1,0,1,635,1,127.68,63.84
342,0,0,250,0,1,1,685,3,45.83,64.71
343,1,0,250,0,1,1,685,3,45.83,64.71
344,0,1,250,0,1,1,685,3,45.83,64.71
345,0,0,250,0,0,1,685,2,68.75,64.71
346,1,0,250,0,0,1,685,2,68.75,64.71
347,0,1,250,0,0,1,685,2,68.75,64.71
348,0,0,250,1,0,1,685,1,137.5,64.71
349,1,0,250,1,0,1,685,1,137.5,64.71
350,0,1,250,1,0,1,685,1,137.5,64.71
351,0,0,250,0,1,1,735,3,49.11,65.48
352,1,0,250,0,1,1,735,3,49.11,65.48
353,0,1,250,0,1,1,735,3,49.11,65.48
354,0,0,250,0,0,1,735,2,73.66,65.48
355,1,0,250,0,0,1,735,2,73.66,65.48
356,0,1,250,0,0,1,735,2,73.66,65.48
357,0,0,250,1,0,1,735,2,73.66,65.48
358,1,0,250,1,0,1,735,2,73.66,65.48
359,0,1,250,1,0,1,735,2,73.66,65.48
360,0,0,275,0,1,1,535,2,56.11,58.29
361,1,0,275,0,1,1,535,2,56.11,58.29
362,0,1,275,0,1,1,535,2,56.11,58.29
363,0,0,275,0,0,1,535,2,56.11,58.29
364,1,0,275,0,0,1,535,2,56.11,58.29
365,0,1,275,0,0,1,535,2,56.11,58.29
366,0,0,275,1,0,1,535,1,112.22,58.29
367,1,0,275,1,0,1,535,1,112.22,58.29
368,0,1,275,1,0,1,535,1,112.22,58.29
369,0,0,275,0,1,1,585,2,61.21,59.35
370,1,0,275,0,1,1,585,2,61.21,59.35
371,0,1,275,0,1,1,585,2,61.21,59.35
372,0,0,275,0,0,1,585,2,61.21,59.35
373,1,0,275,0,0,1,585,2,61.21,59.35
374,0,1,275,0,0,1,585,2,61.21,59.35
375,0,0,275,1,0,1,585,1,122.42,59.35
376,1,0,275,1,0,1,585,1,122.42,59.35
377,0,1,275,1,0,1,585,1,122.42,59.35
378,0,0,275,0,1,1,635,3,48.05,65.52
379,1,0,275,0,1,1,635,3,48.05,65.52
380,0,1,275,0,1,1,635,3,48.05,65.52
381,0,0,275,0,0,1,635,2,72.08,65.52
382,1,0,275,0,0,1,635,2,72.08,65.52
383,0,1,275,0,0,1,635,2,72.08,65.52
384,0,0,275,1,0,1,635,1,144.15,65.52
385,1,0,275,1,0,1,635,1,144.15,65.52
386,0,1,275,1,0,1,635,1,144.15,65.52
387,0,0,275,0,1,1,685,3,51.75,66.41
388,1,0,275,0,1,1,685,3,51.75,66.41
389,0,1,275,0,1,1,685,3,51.75,66.41
390,0,0,275,0,0,1,685,3,51.75,66.41
391,1,0,275,0,0,1,685,3,51.75,66.41
392,0,1,275,0,0,1,685,3,51.75,66.41
393,0,0,275,1,0,1,685,2,77.62,66.41
394,1,0,275,1,0,1,685,2,77.62,66.41
395,0,1,275,1,0,1,685,2,77.62,66.41
396,0,0,275,0,1,1,735,4,41.58,67.2
397,1,0,275,0,1,1,735,4,41.58,67.2
398,0,1,275,0,1,1,735,4,41.58,67.2
399,0,0,275,0,0,1,735,3,55.44,67.2
400,1,0,275,0,0,1,735,3,55.44,67.2
401,0,1,275,0,0,1,735,3,55.44,67.2
402,0,0,275,1,0,1,735,2,83.17,67.2
403,1,0,275,1,0,1,735,2,83.17,67.2
404,0,1,275,1,0,1,735,2,83.17,67.2
405,0,0,300,0,1,1,535,3,42.06,60.08
406,1,0,300,0,1,1,535,3,42.06,60.08
407,0,1,300,0,1,1,535,3,42.06,60.08
408,0,0,300,0,0,1,535,2,63.09,60.08
409,1,0,300,0,0,1,535,2,63.09,60.08
410,0,1,300,0,0,1,535,2,63.09,60.08
411,0,0,300,1,0,1,535,1,126.18,60.08
412,1,0,300,1,0,1,535,1,126.18,60.08
413,0,1,300,1,0,1,535,1,126.18,60.08
414,0,0,300,0,1,1,585,3,45.88,61.18
415,1,0,300,0,1,1,585,3,45.88,61.18
416,0,1,300,0,1,1,585,3,45.88,61.18
417,0,0,300,0,0,1,585,2,68.82,61.18
418,1,0,300,0,0,1,585,2,68.82,61.18
419,0,1,300,0,0,1,585,2,68.82,61.18
420,0,0,300,1,0,1,585,1,137.65,61.18
421,1,0,300,1,0,1,585,1,137.65,61.18
422,0,1,300,1,0,1,585,1,137.65,61.18
423,0,0,300,0,1,1,635,4,40.15,66.91
424,1,0,300,0,1,1,635,4,40.15,66.91
425,0,1,300,0,1,1,635,4,40.15,66.91
426,0,0,300,0,0,1,635,3,53.53,66.91
427,1,0,300,0,0,1,635,3,53.53,66.91
428,0,1,300,0,0,1,635,3,53.53,66.91
429,0,0,300,1,0,1,635,2,80.29,66.91
430,1,0,300,1,0,1,635,2,80.29,66.91
431,0,1,300,1,0,1,635,2,80.29,66.91
432,0,0,300,0,1,1,685,4,43.24,67.82
433,1,0,300,0,1,1,685,4,43.24,67.82
434,0,1,300,0,1,1,685,4,43.24,67.82
435,0,0,300,0,0,1,685,3,57.65,67.82
436,1,0,300,0,0,1,685,3,57.65,67.82
437,0,1,300,0,0,1,685,3,57.65,67.82
438,0,0,300,1,0,1,685,2,86.47,67.82
439,1,0,300,1,0,1,685,2,86.47,67.82
440,0,1,300,1,0,1,685,2,86.47,67.82
441,0,0,300,0,1,1,735,4,46.32,68.63
442,1,0,300,0,1,1,735,4,46.32,68.63
443,0,1,300,0,1,1,735,4,46.32,68.63
444,0,0,300,0,0,1,735,3,61.76,68.63
445,1,0,300,0,0,1,735,3,61.76,68.63
446,0,1,300,0,0,1,735,3,61.76,68.63
447,0,0,300,1,0,1,735,2,92.65,68.63
448,1,0,300,1,0,1,735,2,92.65,68.63
449,0,1,300,1,0,1,735,2,92.65,68.63
